NEW SPACE
CLUSTER-1 {size: 750, centroid: 11310 10381 4605 8101 8973 17081 10130 12086 9665 5789 }
CLUSTER-2 {size: 1175, centroid: 5657 5539 6190 8910 1460 15151 9180 6641 6199 5777 }
CLUSTER-3 {size: 975, centroid: 11728 9954 5670 9528 11772 10728 6901 4554 6669 5751 }
CLUSTER-4 {size: 1213, centroid: 4848 11573 5060 5317 1535 8888 9823 8221 5915 4794 }
CLUSTER-5 {size: 1106, centroid: 10800 6415 2153 4844 6206 14578 4651 11394 4632 4561 }
CLUSTER-6 {size: 1008, centroid: 6325 5764 9160 7693 8841 8410 3710 1565 7486 6846 }
CLUSTER-7 {size: 994, centroid: 9377 8972 11960 6964 11876 8823 11914 8433 8821 7478 }
CLUSTER-8 {size: 1095, centroid: 8998 4450 7663 2394 2454 9068 1965 2929 4860 4745 }
CLUSTER-9 {size: 632, centroid: 12664 5778 1832 14225 8865 12348 15011 9538 4551 5897 }
CLUSTER-10 {size: 1052, centroid: 9391 9592 9051 5256 7455 11455 9868 7863 2790 4141 }
clustering_time: 0
Silhouette: [0.235561, 0.199433, 0.250151, 0.238873, 0.240285, 0.271792, 0.243362, 0.347817, 0.272235, 0.193194, 0.248243]
Value of Objective Function: 2.35852e+08

ORIGINAL SPACE
CLUSTER-1 {size: 512, centroid: 0 0 0 0 0 0 0 0 0 0 0 0 0 0 0 0 0 0 0 0 0 0 0 0 0 0 0 0 0 0 0 0 0 0 0 0 0 0 0 0 0 0 0 0 0 0 0 0 0 0 0 0 0 0 0 0 0 0 0 0 0 0 0 0 0 0 0 0 0 0 0 0 0 0 0 0 0 0 0 0 0 0 0 0 0 0 0 0 0 0 0 0 0 0 0 0 0 0 0 0 0 0 0 0 0 0 0 0 0 0 0 0 0 0 0 0 0 0 0 0 0 0 0 0 0 0 0 0 0 0 0 0 0 0 0 0 0 0 0 0 0 0 28 32 0 0 0 0 0 0 0 0 0 0 0 0 0 0 0 0 0 0 0 0 0 0 0 28 128 217 251 252 224 143 50 0 0 0 0 0 0 0 0 0 0 0 0 0 0 0 0 0 0 0 50 200 251 252 252 252 251 236 191 64 0 0 0 0 0 0 0 0 0 0 0 0 0 0 0 0 0 39 213 252 252 252 252 238 235 246 237 192 62 0 0 0 0 0 0 0 0 0 0 0 0 0 0 0 13 191 252 252 252 224 120 72 95 189 233 241 174 41 0 0 0 0 0 0 0 0 0 0 0 0 0 0 113 251 253 252 185 47 0 0 0 26 141 232 235 141 0 0 0 0 0 0 0 0 0 0 0 0 0 32 219 252 252 190 28 0 0 0 0 0 38 202 243 213 59 0 0 0 0 0 0 0 0 0 0 0 0 128 251 252 225 49 0 0 0 0 0 0 0 125 235 234 140 0 0 0 0 0 0 0 0 0 0 0 13 205 252 252 137 0 0 0 0 0 0 0 0 43 206 230 190 4 0 0 0 0 0 0 0 0 0 0 57 231 252 236 44 0 0 0 0 0 0 0 0 28 197 225 209 22 0 0 0 0 0 0 0 0 0 0 101 248 252 184 0 0 0 0 0 0 0 0 0 7 186 234 217 31 0 0 0 0 0 0 0 0 0 0 117 251 251 128 0 0 0 0 0 0 0 0 0 20 204 248 214 35 0 0 0 0 0 0 0 0 0 0 124 251 251 99 0 0 0 0 0 0 0 0 0 94 239 251 201 9 0 0 0 0 0 0 0 0 0 0 128 251 252 128 0 0 0 0 0 0 0 0 20 189 252 250 154 0 0 0 0 0 0 0 0 0 0 0 107 244 252 176 0 0 0 0 0 0 0 21 169 251 252 215 45 0 0 0 0 0 0 0 0 0 0 0 53 225 252 246 118 3 0 0 0 0 64 198 252 252 239 114 0 0 0 0 0 0 0 0 0 0 0 0 0 156 251 252 244 173 115 88 115 178 242 252 252 239 132 0 0 0 0 0 0 0 0 0 0 0 0 0 0 35 199 252 252 252 252 252 252 252 252 251 214 96 0 0 0 0 0 0 0 0 0 0 0 0 0 0 0 0 34 166 247 252 252 252 252 252 230 132 36 0 0 0 0 0 0 0 0 0 0 0 0 0 0 0 0 0 0 1 76 133 201 204 173 112 22 0 0 0 0 0 0 0 0 0 0 0 0 0 0 0 0 0 0 0 0 0 0 0 0 0 0 0 0 0 0 0 0 0 0 0 0 0 0 0 0 0 0 0 0 0 0 0 0 0 0 0 0 0 0 0 0 0 0 0 0 0 0 0 0 0 0 0 0 0 0 0 0 0 0 0 0 0 0 0 0 0 0 0 0 0 0 0 0 0 0 0 0 0 0 0 0 0 0 0 0 0 0 0 0 0 0 0 }
CLUSTER-2 {size: 939, centroid: 0 0 0 0 0 0 0 0 0 0 0 0 0 0 0 0 0 0 0 0 0 0 0 0 0 0 0 0 0 0 0 0 0 0 0 0 0 0 0 0 0 0 0 0 0 0 0 0 0 0 0 0 0 0 0 0 0 0 0 0 0 0 0 0 0 0 0 0 0 0 0 0 0 0 0 0 0 0 0 0 0 0 0 0 0 0 0 0 0 0 0 0 0 0 0 0 0 0 0 0 0 0 0 0 0 0 0 0 0 0 0 0 0 0 0 0 0 0 0 0 0 0 0 0 0 0 0 0 0 0 0 0 0 0 0 0 0 0 0 0 0 0 0 0 0 0 0 0 0 0 0 0 0 0 0 0 0 0 0 0 0 0 0 0 0 0 0 0 0 0 0 0 0 0 0 0 0 0 0 0 0 0 0 0 0 0 0 0 0 0 0 0 0 0 0 0 0 0 0 0 0 0 0 0 0 0 0 0 0 0 0 0 0 0 0 0 0 0 0 0 0 4 22 5 0 0 0 0 0 0 0 0 0 0 0 0 0 0 0 0 0 0 0 0 0 0 0 0 29 113 123 49 0 0 0 0 0 0 38 53 7 0 0 0 0 0 0 0 0 0 0 0 0 0 0 1 135 202 148 27 0 0 0 0 0 13 99 127 51 0 0 0 0 0 0 0 0 0 0 0 0 0 0 64 202 212 108 0 0 0 0 0 0 34 170 195 93 0 0 0 0 0 0 0 0 0 0 0 0 0 0 141 226 168 27 0 0 0 0 0 0 100 221 218 88 0 0 0 0 0 0 0 0 0 0 0 0 0 22 199 226 128 0 0 0 0 0 0 6 171 247 231 70 0 0 0 0 0 0 0 0 0 0 0 0 0 50 221 231 93 0 0 0 0 0 0 97 236 252 222 60 0 0 0 0 0 0 0 0 0 0 0 0 0 74 235 247 147 9 0 0 0 4 89 207 252 252 201 39 0 0 0 0 0 0 0 0 0 0 0 0 0 41 211 252 229 155 106 121 141 174 213 242 252 252 178 20 0 0 0 0 0 0 0 0 0 0 0 0 0 0 143 239 228 215 207 200 205 215 216 233 252 246 132 0 0 0 0 0 0 0 0 0 0 0 0 0 0 0 9 86 137 126 116 116 126 137 146 192 243 221 92 0 0 0 0 0 0 0 0 0 0 0 0 0 0 0 0 0 0 0 0 0 0 17 50 157 221 191 51 0 0 0 0 0 0 0 0 0 0 0 0 0 0 0 0 0 0 0 0 0 0 0 21 138 206 162 11 0 0 0 0 0 0 0 0 0 0 0 0 0 0 0 0 0 0 0 0 0 0 0 12 123 166 117 0 0 0 0 0 0 0 0 0 0 0 0 0 0 0 0 0 0 0 0 0 0 0 0 0 72 88 35 0 0 0 0 0 0 0 0 0 0 0 0 0 0 0 0 0 0 0 0 0 0 0 0 0 0 7 0 0 0 0 0 0 0 0 0 0 0 0 0 0 0 0 0 0 0 0 0 0 0 0 0 0 0 0 0 0 0 0 0 0 0 0 0 0 0 0 0 0 0 0 0 0 0 0 0 0 0 0 0 0 0 0 0 0 0 0 0 0 0 0 0 0 0 0 0 0 0 0 0 0 0 0 0 0 0 0 0 0 0 0 0 0 0 0 0 0 0 0 0 0 0 0 0 0 0 0 0 0 0 0 0 0 0 0 0 0 0 0 0 0 0 0 0 0 0 0 0 0 0 0 0 0 0 0 0 0 0 0 0 0 }
CLUSTER-3 {size: 1996, centroid: 0 0 0 0 0 0 0 0 0 0 0 0 0 0 0 0 0 0 0 0 0 0 0 0 0 0 0 0 0 0 0 0 0 0 0 0 0 0 0 0 0 0 0 0 0 0 0 0 0 0 0 0 0 0 0 0 0 0 0 0 0 0 0 0 0 0 0 0 0 0 0 0 0 0 0 0 0 0 0 0 0 0 0 0 0 0 0 0 0 0 0 0 0 0 0 0 0 0 0 0 0 0 0 0 0 0 0 0 0 0 0 0 0 0 0 0 0 0 0 0 0 0 0 0 0 0 0 0 0 0 0 0 0 0 0 0 0 0 0 0 0 0 0 0 0 0 0 0 0 0 0 0 0 0 0 0 0 0 0 0 0 0 0 0 0 0 0 0 0 0 0 0 0 0 0 0 0 0 0 0 0 0 0 0 0 0 0 0 0 0 0 0 0 0 0 0 0 0 2 53 44 0 0 0 0 0 0 0 0 0 0 0 0 0 0 0 0 0 0 0 0 0 0 0 0 0 59 131 101 30 0 0 0 0 0 0 0 0 0 0 0 0 0 0 0 0 0 0 0 0 0 0 0 1 112 170 141 59 0 0 0 0 0 0 0 0 0 0 0 0 0 0 0 0 0 0 0 0 0 0 0 29 167 203 169 57 0 0 0 0 0 0 0 0 0 0 0 0 0 0 0 0 0 0 0 0 0 0 0 48 186 215 161 38 0 0 0 0 0 0 0 0 0 0 0 0 0 0 0 0 0 0 0 0 0 0 0 73 203 233 147 0 0 0 0 0 0 0 0 0 0 0 0 0 0 0 0 0 0 0 0 0 0 0 0 109 240 248 128 0 0 0 0 0 0 0 0 0 0 0 0 0 0 0 0 0 0 0 0 0 0 0 2 160 252 244 83 0 0 0 0 0 0 0 0 0 0 0 0 0 0 0 0 0 0 0 0 0 0 0 39 208 253 229 41 0 0 0 0 0 0 0 0 0 0 0 0 0 0 0 0 0 0 0 0 0 0 0 79 236 253 196 13 0 0 0 0 0 0 0 0 0 0 0 0 0 0 0 0 0 0 0 0 0 0 0 112 246 252 154 0 0 0 0 0 0 0 0 0 0 0 0 0 0 0 0 0 0 0 0 0 0 0 0 125 237 233 106 0 0 0 0 0 0 0 0 0 0 0 0 0 0 0 0 0 0 0 0 0 0 0 16 143 217 195 64 0 0 0 0 0 0 0 0 0 0 0 0 0 0 0 0 0 0 0 0 0 0 0 55 167 203 168 37 0 0 0 0 0 0 0 0 0 0 0 0 0 0 0 0 0 0 0 0 0 0 0 88 175 187 143 18 0 0 0 0 0 0 0 0 0 0 0 0 0 0 0 0 0 0 0 0 0 0 0 86 131 142 89 0 0 0 0 0 0 0 0 0 0 0 0 0 0 0 0 0 0 0 0 0 0 0 0 20 50 50 9 0 0 0 0 0 0 0 0 0 0 0 0 0 0 0 0 0 0 0 0 0 0 0 0 0 0 0 0 0 0 0 0 0 0 0 0 0 0 0 0 0 0 0 0 0 0 0 0 0 0 0 0 0 0 0 0 0 0 0 0 0 0 0 0 0 0 0 0 0 0 0 0 0 0 0 0 0 0 0 0 0 0 0 0 0 0 0 0 0 0 0 0 0 0 0 0 0 0 0 0 0 0 0 0 0 0 0 0 0 0 0 0 0 0 0 0 0 0 0 0 0 0 0 0 0 0 0 0 0 0 0 0 0 0 0 0 0 }
CLUSTER-4 {size: 1026, centroid: 0 0 0 0 0 0 0 0 0 0 0 0 0 0 0 0 0 0 0 0 0 0 0 0 0 0 0 0 0 0 0 0 0 0 0 0 0 0 0 0 0 0 0 0 0 0 0 0 0 0 0 0 0 0 0 0 0 0 0 0 0 0 0 0 0 0 0 0 0 0 0 0 0 0 0 0 0 0 0 0 0 0 0 0 0 0 0 0 0 0 0 0 0 0 0 0 0 0 0 0 0 0 0 0 0 0 0 0 0 0 0 0 0 0 0 0 0 0 0 0 0 0 0 0 0 0 0 0 0 0 0 0 0 0 0 0 0 0 0 0 0 0 0 0 0 0 0 0 0 0 0 0 0 0 0 0 0 0 0 0 0 0 0 0 0 0 24 119 160 196 193 170 141 62 0 0 0 0 0 0 0 0 0 0 0 0 0 0 0 0 0 0 0 43 146 208 233 233 233 221 192 146 53 0 0 0 0 0 0 0 0 0 0 0 0 0 0 0 0 0 0 89 159 168 141 116 114 113 110 82 37 0 0 0 0 0 0 0 0 0 0 0 0 0 0 0 0 0 0 63 95 41 11 0 0 0 19 19 0 0 0 0 0 0 0 0 0 0 0 0 0 0 0 0 0 0 0 33 20 0 0 0 0 0 0 0 0 0 0 0 0 0 0 0 0 0 0 0 0 0 0 0 0 0 0 12 12 3 0 0 0 0 0 0 0 0 0 0 0 0 0 0 0 0 0 0 0 0 0 0 0 0 0 3 53 52 36 27 26 42 32 6 0 0 0 0 0 0 0 0 0 0 0 0 0 0 0 0 0 0 0 4 86 139 156 148 139 136 84 21 0 0 0 0 0 0 0 0 0 0 0 0 0 0 0 0 0 0 0 0 47 127 166 179 182 163 107 38 0 0 0 0 0 0 0 0 0 0 0 0 0 0 0 0 0 0 0 0 0 31 63 94 107 110 75 29 5 0 0 0 0 0 0 0 0 0 0 0 0 0 0 0 0 0 0 0 0 0 0 0 0 2 10 11 20 2 0 0 0 0 0 0 0 0 0 0 0 0 0 0 0 0 0 0 0 0 0 0 0 0 0 0 22 25 0 0 0 0 0 0 0 0 0 0 0 0 0 0 0 0 0 0 0 0 0 0 0 0 0 0 30 46 6 0 0 0 0 0 0 0 0 0 0 0 0 0 0 0 0 0 0 0 0 0 0 0 0 0 59 88 31 0 0 0 0 0 0 0 0 0 0 0 0 0 0 0 0 0 0 0 0 0 0 0 0 11 103 121 43 0 0 0 0 0 0 0 0 0 0 0 0 0 0 0 0 0 7 0 0 0 0 0 12 124 170 153 27 0 0 0 0 0 0 0 0 0 0 0 0 0 0 0 0 30 91 88 57 33 45 112 181 216 202 121 0 0 0 0 0 0 0 0 0 0 0 0 0 0 0 0 0 35 152 203 215 224 233 242 238 216 135 7 0 0 0 0 0 0 0 0 0 0 0 0 0 0 0 0 0 0 67 164 214 232 239 217 151 67 0 0 0 0 0 0 0 0 0 0 0 0 0 0 0 0 0 0 0 0 0 0 0 0 0 0 0 0 0 0 0 0 0 0 0 0 0 0 0 0 0 0 0 0 0 0 0 0 0 0 0 0 0 0 0 0 0 0 0 0 0 0 0 0 0 0 0 0 0 0 0 0 0 0 0 0 0 0 0 0 0 0 0 0 0 0 0 0 0 0 0 0 0 0 0 0 0 0 0 0 0 0 0 0 0 0 }
CLUSTER-5 {size: 772, centroid: 0 0 0 0 0 0 0 0 0 0 0 0 0 0 0 0 0 0 0 0 0 0 0 0 0 0 0 0 0 0 0 0 0 0 0 0 0 0 0 0 0 0 0 0 0 0 0 0 0 0 0 0 0 0 0 0 0 0 0 0 0 0 0 0 0 0 0 0 0 0 0 0 0 0 0 0 0 0 0 0 0 0 0 0 0 0 0 0 0 0 0 0 0 0 0 0 0 0 0 0 0 0 0 0 0 0 0 0 0 0 0 0 0 0 0 11 0 0 0 0 0 0 0 0 0 0 0 0 0 0 0 0 0 0 0 0 0 0 0 0 0 6 64 106 71 2 0 0 0 0 0 0 0 0 0 0 0 0 0 0 0 0 0 0 0 0 0 0 7 108 161 162 95 0 0 0 0 0 0 0 0 0 0 0 0 0 0 0 0 0 0 0 0 0 0 0 106 182 198 169 45 0 0 0 0 0 0 0 0 0 0 0 0 0 0 0 0 0 0 0 0 0 0 62 192 227 212 99 0 0 0 0 0 0 0 0 0 0 0 0 0 0 0 0 0 0 0 0 0 0 6 172 229 233 153 0 0 0 0 0 0 0 0 0 0 0 0 0 0 0 0 0 0 0 0 0 0 0 103 231 245 201 29 0 0 0 0 0 0 0 0 0 0 0 0 0 0 0 0 0 0 0 0 0 0 11 207 251 237 96 0 0 0 0 0 0 0 0 0 0 0 0 0 0 0 0 0 0 0 0 0 0 0 93 248 252 187 12 0 0 0 0 0 0 0 0 0 0 0 0 0 0 0 0 0 0 0 0 0 0 0 189 252 252 111 0 0 0 0 47 82 59 0 0 0 0 0 0 0 0 0 0 0 0 0 0 0 0 35 233 253 225 36 0 0 64 150 206 208 196 117 5 0 0 0 0 0 0 0 0 0 0 0 0 0 0 90 252 253 191 25 19 130 214 239 240 244 237 199 57 0 0 0 0 0 0 0 0 0 0 0 0 0 0 128 252 252 166 64 138 226 242 225 202 211 225 219 113 0 0 0 0 0 0 0 0 0 0 0 0 0 0 136 252 252 169 128 203 220 191 102 91 174 232 227 98 0 0 0 0 0 0 0 0 0 0 0 0 0 0 136 252 252 220 192 201 185 99 54 116 222 246 215 43 0 0 0 0 0 0 0 0 0 0 0 0 0 0 95 242 252 252 234 221 194 153 171 227 251 238 153 0 0 0 0 0 0 0 0 0 0 0 0 0 0 0 20 210 252 252 252 252 252 252 252 252 244 178 25 0 0 0 0 0 0 0 0 0 0 0 0 0 0 0 0 88 230 252 252 253 253 253 252 238 142 20 0 0 0 0 0 0 0 0 0 0 0 0 0 0 0 0 0 0 72 172 233 252 245 215 135 56 0 0 0 0 0 0 0 0 0 0 0 0 0 0 0 0 0 0 0 0 0 0 0 0 0 0 0 0 0 0 0 0 0 0 0 0 0 0 0 0 0 0 0 0 0 0 0 0 0 0 0 0 0 0 0 0 0 0 0 0 0 0 0 0 0 0 0 0 0 0 0 0 0 0 0 0 0 0 0 0 0 0 0 0 0 0 0 0 0 0 0 0 0 0 0 0 0 0 0 0 0 0 0 0 0 0 0 0 0 0 0 0 0 0 0 0 0 0 0 0 0 0 0 0 0 0 0 0 0 0 0 0 0 0 0 0 0 0 0 0 0 0 0 0 0 0 0 0 0 0 0 0 0 0 0 0 0 0 0 0 0 0 }
CLUSTER-6 {size: 910, centroid: 0 0 0 0 0 0 0 0 0 0 0 0 0 0 0 0 0 0 0 0 0 0 0 0 0 0 0 0 0 0 0 0 0 0 0 0 0 0 0 0 0 0 0 0 0 0 0 0 0 0 0 0 0 0 0 0 0 0 0 0 0 0 0 0 0 0 0 0 0 0 0 0 0 0 0 0 0 0 0 0 0 0 0 0 0 0 0 0 0 0 0 0 0 0 0 0 0 0 0 0 0 0 0 0 0 0 0 0 0 0 0 0 0 0 0 0 0 0 0 0 0 0 0 0 0 0 0 0 0 0 0 0 0 0 0 0 0 0 0 0 0 0 29 48 32 0 0 0 0 0 0 0 0 0 0 0 0 0 0 0 0 0 0 0 0 0 0 6 89 164 230 248 240 227 142 29 0 0 0 0 0 0 0 0 0 0 0 0 0 0 0 0 0 0 13 108 185 229 250 252 252 252 232 158 26 0 0 0 0 0 0 0 0 0 0 0 0 0 0 0 0 0 41 142 196 205 178 170 200 228 242 215 101 0 0 0 0 0 0 0 0 0 0 0 0 0 0 0 0 0 29 76 85 31 7 7 33 145 238 226 144 0 0 0 0 0 0 0 0 0 0 0 0 0 0 0 0 0 0 0 0 0 0 0 0 95 234 236 165 0 0 0 0 0 0 0 0 0 0 0 0 0 0 0 0 0 0 0 0 0 0 0 0 134 246 238 130 0 0 0 0 0 0 0 0 0 0 0 0 0 0 0 0 0 0 0 0 0 0 0 40 212 249 223 64 0 0 0 0 0 0 0 0 0 0 0 0 0 0 0 0 0 0 0 0 0 0 11 173 244 243 146 0 0 0 0 0 0 0 0 0 0 0 0 0 0 0 0 0 0 0 0 0 0 53 171 244 248 209 56 0 0 0 0 0 0 0 0 0 0 0 0 0 0 0 0 0 0 0 0 58 138 216 249 243 221 117 0 0 0 0 0 0 0 0 0 0 0 0 0 0 0 0 0 0 0 18 120 210 251 252 252 237 183 15 0 0 0 0 0 0 0 0 0 0 0 0 0 0 0 0 0 0 43 144 228 252 252 252 252 238 114 0 0 0 0 0 0 0 0 0 0 0 0 0 0 0 0 0 0 51 160 224 251 252 252 252 252 235 108 8 0 0 0 0 0 0 0 0 0 0 0 0 0 0 0 0 29 156 228 248 252 252 252 252 252 230 137 51 0 0 0 0 0 0 0 0 0 0 0 0 0 0 0 0 117 219 252 252 251 246 236 228 222 180 117 53 0 0 0 0 0 0 0 0 0 0 0 0 0 0 0 15 179 247 252 252 250 222 195 180 135 76 23 0 0 0 0 0 0 0 0 0 0 0 0 0 0 0 0 9 154 242 252 252 220 161 117 63 9 0 0 0 0 0 0 0 0 0 0 0 0 0 0 0 0 0 0 0 38 152 202 191 128 57 7 0 0 0 0 0 0 0 0 0 0 0 0 0 0 0 0 0 0 0 0 0 0 0 7 1 0 0 0 0 0 0 0 0 0 0 0 0 0 0 0 0 0 0 0 0 0 0 0 0 0 0 0 0 0 0 0 0 0 0 0 0 0 0 0 0 0 0 0 0 0 0 0 0 0 0 0 0 0 0 0 0 0 0 0 0 0 0 0 0 0 0 0 0 0 0 0 0 0 0 0 0 0 0 0 0 0 0 0 0 0 0 0 0 0 0 0 0 0 0 0 0 0 0 0 0 0 0 0 0 0 0 0 0 0 0 0 0 0 }
CLUSTER-7 {size: 452, centroid: 0 0 0 0 0 0 0 0 0 0 0 0 0 0 0 0 0 0 0 0 0 0 0 0 0 0 0 0 0 0 0 0 0 0 0 0 0 0 0 0 0 0 0 0 0 0 0 0 0 0 0 0 0 0 0 0 0 0 0 0 0 0 0 0 0 0 0 0 0 0 0 0 0 0 0 0 0 0 0 0 0 0 0 0 0 0 0 0 0 0 0 0 0 0 0 0 0 0 0 0 0 0 0 0 0 0 0 0 0 0 0 0 0 0 0 0 0 0 0 0 0 0 0 0 0 0 0 0 0 0 0 0 0 0 0 0 0 0 0 0 0 0 0 0 0 0 0 0 0 0 0 0 0 0 0 0 0 0 0 0 0 0 0 0 0 0 0 0 0 0 11 108 191 230 229 175 77 0 0 0 0 0 0 0 0 0 0 0 0 0 0 0 0 0 0 0 0 29 171 248 252 252 252 252 220 99 0 0 0 0 0 0 0 0 0 0 0 0 0 0 0 0 0 0 53 206 252 253 252 252 252 252 252 210 52 0 0 0 0 0 0 0 0 0 0 0 0 0 0 0 0 64 224 252 253 252 228 160 164 224 252 242 131 0 0 0 0 0 0 0 0 0 0 0 0 0 0 0 59 217 253 253 252 191 57 9 32 131 229 239 169 0 0 0 0 0 0 0 0 0 0 0 0 0 0 43 219 252 253 252 149 30 0 0 0 54 206 241 180 0 0 0 0 0 0 0 0 0 0 0 0 0 13 190 252 252 251 145 11 0 0 0 0 33 202 239 186 0 0 0 0 0 0 0 0 0 0 0 0 0 128 251 253 252 156 6 0 0 0 0 0 61 222 244 184 0 0 0 0 0 0 0 0 0 0 0 0 50 234 252 252 155 12 0 0 0 0 0 0 104 245 234 128 0 0 0 0 0 0 0 0 0 0 0 0 174 252 252 195 47 0 0 0 0 0 0 0 190 252 230 84 0 0 0 0 0 0 0 0 0 0 0 63 236 251 227 95 0 0 0 0 0 0 0 76 241 252 214 19 0 0 0 0 0 0 0 0 0 0 0 157 252 251 172 15 0 0 0 0 0 0 51 210 252 247 128 0 0 0 0 0 0 0 0 0 0 0 49 226 252 228 86 0 0 0 0 0 0 62 214 252 252 207 17 0 0 0 0 0 0 0 0 0 0 0 106 243 252 213 54 0 0 0 0 3 108 227 252 252 230 64 0 0 0 0 0 0 0 0 0 0 0 0 114 247 252 231 77 0 0 12 73 187 247 253 253 231 87 0 0 0 0 0 0 0 0 0 0 0 0 0 76 241 252 252 216 171 177 204 249 253 253 252 220 72 0 0 0 0 0 0 0 0 0 0 0 0 0 0 7 189 252 252 253 252 252 253 253 253 239 154 30 0 0 0 0 0 0 0 0 0 0 0 0 0 0 0 0 36 188 251 252 252 252 252 237 172 56 0 0 0 0 0 0 0 0 0 0 0 0 0 0 0 0 0 0 0 4 98 169 199 151 90 24 0 0 0 0 0 0 0 0 0 0 0 0 0 0 0 0 0 0 0 0 0 0 0 0 0 0 0 0 0 0 0 0 0 0 0 0 0 0 0 0 0 0 0 0 0 0 0 0 0 0 0 0 0 0 0 0 0 0 0 0 0 0 0 0 0 0 0 0 0 0 0 0 0 0 0 0 0 0 0 0 0 0 0 0 0 0 0 0 0 0 0 0 0 0 0 0 0 0 0 0 0 0 0 0 0 0 0 0 0 0 }
CLUSTER-8 {size: 1387, centroid: 0 0 0 0 0 0 0 0 0 0 0 0 0 0 0 0 0 0 0 0 0 0 0 0 0 0 0 0 0 0 0 0 0 0 0 0 0 0 0 0 0 0 0 0 0 0 0 0 0 0 0 0 0 0 0 0 0 0 0 0 0 0 0 0 0 0 0 0 0 0 0 0 0 0 0 0 0 0 0 0 0 0 0 0 0 0 0 0 0 0 0 0 0 0 0 0 0 0 0 0 0 0 0 0 0 0 0 0 0 0 0 0 0 0 0 0 0 0 0 0 0 0 0 0 0 0 0 0 0 0 0 0 0 0 0 0 0 0 0 0 0 0 0 0 0 0 0 0 0 0 0 0 0 0 0 0 0 0 0 0 0 0 0 0 0 0 0 0 0 0 0 0 0 0 0 0 0 0 0 0 0 0 0 0 0 0 0 0 0 0 0 0 0 0 0 0 0 0 0 0 0 0 0 0 0 0 0 0 0 0 0 0 0 0 0 0 0 0 0 0 0 0 0 18 79 130 148 165 170 164 136 81 7 0 0 0 0 0 0 0 0 0 0 0 0 0 0 0 0 9 106 198 241 250 252 248 246 245 235 206 81 0 0 0 0 0 0 0 0 0 0 0 0 0 0 0 0 106 211 248 251 236 205 174 179 222 247 227 101 0 0 0 0 0 0 0 0 0 0 0 0 0 0 0 8 121 216 229 159 68 12 5 45 170 241 221 73 0 0 0 0 0 0 0 0 0 0 0 0 0 0 0 5 112 170 104 4 0 0 0 21 186 249 203 24 0 0 0 0 0 0 0 0 0 0 0 0 0 0 0 0 53 61 0 0 0 0 0 90 240 247 168 0 0 0 0 0 0 0 0 0 0 0 0 0 0 0 0 0 0 0 0 0 0 0 27 200 252 240 80 0 0 0 0 0 0 0 0 0 0 0 0 0 0 0 0 0 0 0 0 0 0 0 132 252 252 196 9 0 0 0 0 0 0 0 0 0 0 0 0 0 0 0 0 0 0 0 0 0 0 61 218 253 251 98 0 0 0 0 0 0 0 0 0 0 0 0 0 0 0 0 0 0 0 0 0 0 0 114 249 252 206 18 0 0 0 0 0 0 0 0 0 0 0 0 0 0 0 0 0 0 0 0 0 0 17 183 253 251 116 0 0 0 0 0 0 0 0 0 0 0 0 0 0 0 0 0 0 0 0 0 0 0 52 231 252 208 16 0 0 0 0 0 0 0 0 0 0 0 0 0 0 0 0 0 0 0 0 0 0 0 135 249 252 119 0 0 0 0 0 0 0 0 0 0 0 0 0 0 0 0 0 0 0 0 0 0 0 43 209 252 219 25 0 0 0 0 0 0 0 0 0 0 0 0 0 0 0 0 0 0 0 0 0 0 0 138 236 246 128 0 0 0 0 0 0 0 0 0 0 0 0 0 0 0 0 0 0 0 0 0 0 0 65 201 239 197 26 0 0 0 0 0 0 0 0 0 0 0 0 0 0 0 0 0 0 0 0 0 0 0 123 203 207 92 0 0 0 0 0 0 0 0 0 0 0 0 0 0 0 0 0 0 0 0 0 0 0 0 103 159 128 2 0 0 0 0 0 0 0 0 0 0 0 0 0 0 0 0 0 0 0 0 0 0 0 0 1 26 0 0 0 0 0 0 0 0 0 0 0 0 0 0 0 0 0 0 0 0 0 0 0 0 0 0 0 0 0 0 0 0 0 0 0 0 0 0 0 0 0 0 0 0 0 0 0 0 0 0 0 0 0 0 0 }
CLUSTER-9 {size: 939, centroid: 0 0 0 0 0 0 0 0 0 0 0 0 0 0 0 0 0 0 0 0 0 0 0 0 0 0 0 0 0 0 0 0 0 0 0 0 0 0 0 0 0 0 0 0 0 0 0 0 0 0 0 0 0 0 0 0 0 0 0 0 0 0 0 0 0 0 0 0 0 0 0 0 0 0 0 0 0 0 0 0 0 0 0 0 0 0 0 0 0 0 0 0 0 0 0 0 0 0 0 0 0 0 0 0 0 0 0 0 0 0 0 0 0 0 0 0 0 0 0 0 0 0 0 0 0 0 0 0 0 0 0 0 0 0 0 0 0 0 0 0 0 0 0 0 0 0 0 0 0 0 0 0 0 0 0 0 0 0 0 0 0 0 0 0 0 0 7 106 152 209 240 246 240 191 118 12 0 0 0 0 0 0 0 0 0 0 0 0 0 0 0 0 0 20 136 217 248 252 252 252 252 252 244 131 0 0 0 0 0 0 0 0 0 0 0 0 0 0 0 0 0 38 133 204 241 243 244 243 252 252 252 185 19 0 0 0 0 0 0 0 0 0 0 0 0 0 0 0 0 9 62 108 106 83 65 103 178 243 242 162 0 0 0 0 0 0 0 0 0 0 0 0 0 0 0 0 0 0 0 10 2 0 5 61 165 242 228 86 0 0 0 0 0 0 0 0 0 0 0 0 0 0 0 0 0 0 0 1 14 32 73 149 231 239 160 10 0 0 0 0 0 0 0 0 0 0 0 0 0 0 0 0 0 0 8 103 140 165 223 249 252 211 64 0 0 0 0 0 0 0 0 0 0 0 0 0 0 0 0 0 0 0 83 204 252 252 253 252 252 181 28 0 0 0 0 0 0 0 0 0 0 0 0 0 0 0 0 0 0 0 128 243 252 253 253 253 252 208 72 0 0 0 0 0 0 0 0 0 0 0 0 0 0 0 0 0 0 0 64 194 251 252 252 252 251 240 190 28 0 0 0 0 0 0 0 0 0 0 0 0 0 0 0 0 0 0 0 56 82 92 102 128 193 234 235 128 0 0 0 0 0 0 0 0 0 0 0 0 0 0 0 0 0 0 0 0 0 0 0 0 70 216 250 194 13 0 0 0 0 0 0 0 0 0 0 0 0 0 0 0 0 0 0 0 0 0 0 0 19 203 252 223 38 0 0 0 0 0 0 0 0 0 0 0 0 0 0 0 0 0 0 0 0 0 0 0 32 214 252 223 36 0 0 0 0 0 0 0 0 0 0 0 0 0 0 0 0 0 0 0 0 0 0 16 148 251 252 191 3 0 0 0 0 0 0 0 0 0 0 0 0 0 0 38 104 129 104 57 27 41 102 201 252 252 244 106 0 0 0 0 0 0 0 0 0 0 0 0 0 0 0 101 208 243 250 243 235 250 252 253 252 251 152 2 0 0 0 0 0 0 0 0 0 0 0 0 0 0 0 48 192 252 252 252 253 253 253 252 232 122 7 0 0 0 0 0 0 0 0 0 0 0 0 0 0 0 0 0 42 155 232 252 252 252 198 128 36 0 0 0 0 0 0 0 0 0 0 0 0 0 0 0 0 0 0 0 0 0 0 0 0 0 0 0 0 0 0 0 0 0 0 0 0 0 0 0 0 0 0 0 0 0 0 0 0 0 0 0 0 0 0 0 0 0 0 0 0 0 0 0 0 0 0 0 0 0 0 0 0 0 0 0 0 0 0 0 0 0 0 0 0 0 0 0 0 0 0 0 0 0 0 0 0 0 0 0 0 0 0 0 0 0 0 0 }
CLUSTER-10 {size: 1067, centroid: 0 0 0 0 0 0 0 0 0 0 0 0 0 0 0 0 0 0 0 0 0 0 0 0 0 0 0 0 0 0 0 0 0 0 0 0 0 0 0 0 0 0 0 0 0 0 0 0 0 0 0 0 0 0 0 0 0 0 0 0 0 0 0 0 0 0 0 0 0 0 0 0 0 0 0 0 0 0 0 0 0 0 0 0 0 0 0 0 0 0 0 0 0 0 0 0 0 0 0 0 0 0 0 0 0 0 0 0 0 0 0 0 0 0 0 0 0 0 0 0 0 0 0 0 0 0 0 0 0 0 0 0 0 0 0 0 0 0 0 0 0 0 0 0 0 0 0 0 0 0 0 0 0 0 0 0 0 0 0 0 0 0 0 0 0 0 0 0 0 0 0 0 0 0 0 0 0 0 0 0 0 0 0 0 0 0 0 0 0 0 0 0 0 0 0 0 3 29 61 64 51 13 0 0 0 0 0 0 0 0 0 0 0 0 0 0 0 0 0 0 0 0 41 142 204 235 240 224 196 156 46 0 0 0 0 0 0 0 0 0 0 0 0 0 0 0 0 0 0 62 203 245 244 219 186 186 203 202 124 2 0 0 0 0 0 0 0 0 0 0 0 0 0 0 0 0 19 187 246 235 154 46 18 53 150 205 142 6 0 0 0 0 0 0 0 0 0 0 0 0 0 0 0 0 89 234 239 139 11 0 0 0 134 222 160 9 0 0 0 0 0 0 0 0 0 0 0 0 0 0 0 0 135 237 201 32 0 0 0 10 175 246 166 0 0 0 0 0 0 0 0 0 0 0 0 0 0 0 0 0 156 239 186 22 0 0 0 78 228 252 155 0 0 0 0 0 0 0 0 0 0 0 0 0 0 0 0 0 141 235 203 88 29 41 83 195 252 252 129 0 0 0 0 0 0 0 0 0 0 0 0 0 0 0 0 0 91 218 226 211 211 220 223 243 252 252 117 0 0 0 0 0 0 0 0 0 0 0 0 0 0 0 0 0 3 119 196 224 237 246 239 247 253 252 87 0 0 0 0 0 0 0 0 0 0 0 0 0 0 0 0 0 0 0 44 95 129 125 151 215 253 248 72 0 0 0 0 0 0 0 0 0 0 0 0 0 0 0 0 0 0 0 0 0 0 0 17 175 252 239 61 0 0 0 0 0 0 0 0 0 0 0 0 0 0 0 0 0 0 0 0 0 0 0 0 156 252 217 30 0 0 0 0 0 0 0 0 0 0 0 0 0 0 0 0 0 0 0 0 0 0 0 0 160 252 196 5 0 0 0 0 0 0 0 0 0 0 0 0 0 0 0 0 0 0 0 0 0 0 0 5 189 251 172 0 0 0 0 0 0 0 0 0 0 0 0 0 0 0 0 0 0 0 0 0 0 0 0 54 228 244 146 0 0 0 0 0 0 0 0 0 0 0 0 0 0 0 0 0 0 0 0 0 0 0 0 135 246 233 107 0 0 0 0 0 0 0 0 0 0 0 0 0 0 0 0 0 0 0 0 0 0 0 2 172 240 209 52 0 0 0 0 0 0 0 0 0 0 0 0 0 0 0 0 0 0 0 0 0 0 0 0 121 161 123 3 0 0 0 0 0 0 0 0 0 0 0 0 0 0 0 0 0 0 0 0 0 0 0 0 0 0 0 0 0 0 0 0 0 0 0 0 0 0 0 0 0 0 0 0 0 0 0 0 0 0 0 0 0 0 0 0 0 0 0 0 0 0 0 0 0 0 0 0 0 0 0 0 0 0 0 0 0 0 }
clustering_time: 25
Silhouette: [0.211679, 0.127046, 0.274566, 0.0824245, 0.2163, 0.111332, 0.243155, 0.205442, 0.133457, 0.183488, 0.184452]
Value of Objective Function: 1.90824e+08

CLASSES AS CLUSTERS
Silhouette: [-0.00101317, 0.623659, 0.205792, 0.262212, 0.33201, 0.171476, 0.249574, 0.387368, 0.244997, 0.357326, 0.289775]
Value of Objective Function: 1.93958e+08
NEW SPACE
CLUSTER-1 {size: 1314, centroid: 5012 11874 5551 5454 2018 9200 10001 8008 4861 4464 }
CLUSTER-2 {size: 1133, centroid: 11869 9983 5570 8008 11061 11596 6610 5703 4603 4624 }
CLUSTER-3 {size: 874, centroid: 11002 9917 4265 7534 8272 17391 9664 12539 7352 5157 }
CLUSTER-4 {size: 1079, centroid: 6727 5221 9147 7160 8155 8649 3256 1591 6669 6325 }
CLUSTER-5 {size: 793, centroid: 10906 6260 10616 3844 8251 7662 11477 10784 4859 5759 }
CLUSTER-6 {size: 994, centroid: 10214 5630 2072 4480 5575 14405 4464 11014 4579 4601 }
CLUSTER-7 {size: 656, centroid: 12796 6234 2118 14294 9233 12357 14802 9424 5126 6241 }
CLUSTER-8 {size: 1225, centroid: 5727 5778 6324 9057 1584 14888 9070 6231 6749 5929 }
CLUSTER-9 {size: 1005, centroid: 8324 10350 10956 8774 11861 9991 10472 6356 10487 7736 }
CLUSTER-10 {size: 927, centroid: 9077 4636 7332 2030 1687 8864 1919 2976 4656 4648 }
clustering_time: 0
Silhouette: [0.257814, 0.247402, 0.2299, 0.269192, 0.256428, 0.238964, 0.272754, 0.195784, 0.248926, 0.375925, 0.256876]
Value of Objective Function: 2.34864e+08

ORIGINAL SPACE
CLUSTER-1 {size: 1429, centroid: 0 0 0 0 0 0 0 0 0 0 0 0 0 0 0 0 0 0 0 0 0 0 0 0 0 0 0 0 0 0 0 0 0 0 0 0 0 0 0 0 0 0 0 0 0 0 0 0 0 0 0 0 0 0 0 0 0 0 0 0 0 0 0 0 0 0 0 0 0 0 0 0 0 0 0 0 0 0 0 0 0 0 0 0 0 0 0 0 0 0 0 0 0 0 0 0 0 0 0 0 0 0 0 0 0 0 0 0 0 0 0 0 0 0 0 0 0 0 0 0 0 0 0 0 0 0 0 0 0 0 0 0 0 0 0 0 0 0 0 0 0 0 0 0 0 0 0 0 0 0 0 0 0 0 0 0 0 0 0 0 0 0 0 0 0 0 0 0 0 0 0 0 0 0 0 0 0 0 0 0 0 0 0 0 0 0 0 0 0 0 0 0 0 0 0 0 0 0 0 0 0 0 0 0 0 0 0 0 0 0 0 0 0 0 0 0 0 0 0 0 0 0 24 70 104 114 102 99 107 84 23 0 0 0 0 0 0 0 0 0 0 0 0 0 0 0 0 0 0 98 183 215 188 133 99 116 166 176 130 21 0 0 0 0 0 0 0 0 0 0 0 0 0 0 0 0 85 217 237 211 111 17 0 26 128 197 187 53 0 0 0 0 0 0 0 0 0 0 0 0 0 0 0 9 165 236 217 86 0 0 0 0 82 212 210 91 0 0 0 0 0 0 0 0 0 0 0 0 0 0 0 37 192 218 123 0 0 0 0 0 76 230 229 99 0 0 0 0 0 0 0 0 0 0 0 0 0 0 0 61 196 191 50 0 0 0 0 0 138 250 231 83 0 0 0 0 0 0 0 0 0 0 0 0 0 0 0 66 189 182 48 0 0 0 0 49 211 252 240 74 0 0 0 0 0 0 0 0 0 0 0 0 0 0 0 40 185 199 137 66 40 54 94 170 251 253 234 44 0 0 0 0 0 0 0 0 0 0 0 0 0 0 0 0 123 191 195 175 170 180 173 201 252 253 219 26 0 0 0 0 0 0 0 0 0 0 0 0 0 0 0 0 0 59 96 108 112 103 98 161 252 252 194 0 0 0 0 0 0 0 0 0 0 0 0 0 0 0 0 0 0 0 0 0 0 0 2 117 252 252 138 0 0 0 0 0 0 0 0 0 0 0 0 0 0 0 0 0 0 0 0 0 0 0 0 112 252 238 80 0 0 0 0 0 0 0 0 0 0 0 0 0 0 0 0 0 0 0 0 0 0 0 0 139 245 212 26 0 0 0 0 0 0 0 0 0 0 0 0 0 0 0 0 0 0 0 0 0 0 0 0 183 236 172 0 0 0 0 0 0 0 0 0 0 0 0 0 0 0 0 0 0 0 0 0 0 0 0 14 202 224 128 0 0 0 0 0 0 0 0 0 0 0 0 0 0 0 0 0 0 0 0 0 0 0 0 53 203 197 86 0 0 0 0 0 0 0 0 0 0 0 0 0 0 0 0 0 0 0 0 0 0 0 0 64 180 166 50 0 0 0 0 0 0 0 0 0 0 0 0 0 0 0 0 0 0 0 0 0 0 0 0 13 112 85 2 0 0 0 0 0 0 0 0 0 0 0 0 0 0 0 0 0 0 0 0 0 0 0 0 0 0 0 0 0 0 0 0 0 0 0 0 0 0 0 0 0 0 0 0 0 0 0 0 0 0 0 0 0 0 0 0 0 0 0 0 0 0 0 0 0 0 0 0 0 0 0 0 0 0 0 0 0 0 }
CLUSTER-2 {size: 1097, centroid: 0 0 0 0 0 0 0 0 0 0 0 0 0 0 0 0 0 0 0 0 0 0 0 0 0 0 0 0 0 0 0 0 0 0 0 0 0 0 0 0 0 0 0 0 0 0 0 0 0 0 0 0 0 0 0 0 0 0 0 0 0 0 0 0 0 0 0 0 0 0 0 0 0 0 0 0 0 0 0 0 0 0 0 0 0 0 0 0 0 0 0 0 0 0 0 0 0 0 0 0 0 0 0 0 0 0 0 0 0 0 0 0 0 0 0 0 0 0 0 0 0 0 0 0 0 0 0 0 0 0 0 0 0 0 0 0 0 0 0 0 27 80 109 65 0 0 0 0 0 0 0 0 0 0 0 0 0 0 0 0 0 0 0 0 0 0 0 44 140 176 177 83 7 0 0 0 0 0 0 0 0 0 0 0 0 0 0 0 0 0 0 0 0 0 26 128 205 202 145 55 0 0 0 0 0 0 0 0 0 0 0 0 0 0 0 0 0 0 0 0 0 0 61 163 201 123 21 0 0 0 0 0 0 0 0 0 0 0 0 0 0 0 0 0 0 0 0 0 0 0 88 161 119 7 0 0 0 0 0 0 0 0 0 0 0 0 0 0 0 0 0 0 0 0 0 0 0 9 95 93 11 0 0 0 0 0 0 0 0 0 0 0 0 0 0 0 0 0 0 0 0 0 0 0 0 11 68 22 0 0 0 0 0 0 0 30 0 0 0 0 0 0 0 0 0 0 0 0 0 0 0 0 0 12 29 0 0 0 0 0 0 0 98 141 37 0 0 0 0 0 0 0 0 0 0 0 0 0 0 0 0 11 7 0 0 0 0 0 0 114 216 200 93 0 0 0 0 0 0 0 0 0 0 0 0 0 0 0 0 38 16 0 0 0 0 0 108 223 248 222 116 0 0 0 0 0 0 0 0 0 0 0 0 0 0 0 43 102 60 0 0 0 41 130 221 249 247 214 105 0 0 0 0 0 0 0 0 0 0 0 0 0 0 0 118 181 155 91 64 114 190 232 241 239 211 161 85 5 0 0 0 0 0 0 0 0 0 0 0 0 0 35 188 228 233 203 196 231 249 248 241 205 169 156 118 18 0 0 0 0 0 0 0 0 0 0 0 0 0 47 185 239 250 237 242 252 252 251 230 196 206 209 150 20 0 0 0 0 0 0 0 0 0 0 0 0 0 10 128 221 251 252 252 252 252 251 240 233 245 234 167 18 0 0 0 0 0 0 0 0 0 0 0 0 0 0 62 168 243 252 252 252 252 252 247 247 247 213 107 0 0 0 0 0 0 0 0 0 0 0 0 0 0 0 3 84 190 241 252 252 252 236 207 189 158 93 8 0 0 0 0 0 0 0 0 0 0 0 0 0 0 0 0 0 32 99 132 137 120 69 31 13 4 0 0 0 0 0 0 0 0 0 0 0 0 0 0 0 0 0 0 0 0 0 0 0 0 0 0 0 0 0 0 0 0 0 0 0 0 0 0 0 0 0 0 0 0 0 0 0 0 0 0 0 0 0 0 0 0 0 0 0 0 0 0 0 0 0 0 0 0 0 0 0 0 0 0 0 0 0 0 0 0 0 0 0 0 0 0 0 0 0 0 0 0 0 0 0 0 0 0 0 0 0 0 0 0 0 0 0 0 0 0 0 0 0 0 0 0 0 0 0 0 0 0 0 0 0 0 0 0 0 0 0 0 0 0 0 0 0 0 0 0 0 0 0 0 0 0 0 0 0 0 0 0 0 0 0 0 0 0 0 0 0 }
CLUSTER-3 {size: 1512, centroid: 0 0 0 0 0 0 0 0 0 0 0 0 0 0 0 0 0 0 0 0 0 0 0 0 0 0 0 0 0 0 0 0 0 0 0 0 0 0 0 0 0 0 0 0 0 0 0 0 0 0 0 0 0 0 0 0 0 0 0 0 0 0 0 0 0 0 0 0 0 0 0 0 0 0 0 0 0 0 0 0 0 0 0 0 0 0 0 0 0 0 0 0 0 0 0 0 0 0 0 0 0 0 0 0 0 0 0 0 0 0 0 0 0 0 0 0 0 0 0 0 0 0 0 0 0 0 0 0 0 0 0 0 0 0 0 0 0 0 0 0 0 0 0 0 0 0 0 0 0 0 0 0 0 0 0 0 0 0 0 0 0 0 0 0 0 0 0 0 0 0 0 2 0 0 0 0 0 0 0 0 0 0 0 0 0 0 0 0 0 0 0 0 0 0 0 0 0 5 98 109 3 0 0 0 0 0 0 0 0 0 0 0 0 0 0 0 0 0 0 0 0 0 0 0 0 63 174 177 47 0 0 0 0 0 0 0 0 0 0 0 0 0 0 0 0 0 0 0 0 0 0 0 0 95 208 196 68 0 0 0 0 0 0 0 0 0 0 0 0 0 0 0 0 0 0 0 0 0 0 0 0 123 231 211 64 0 0 0 0 0 0 0 0 0 0 0 0 0 0 0 0 0 0 0 0 0 0 0 3 141 234 191 46 0 0 0 0 0 0 0 0 0 0 0 0 0 0 0 0 0 0 0 0 0 0 0 7 129 218 176 27 0 0 0 0 0 0 0 0 0 0 0 0 0 0 0 0 0 0 0 0 0 0 0 7 128 218 175 26 0 0 0 0 0 0 0 0 0 0 0 0 0 0 0 0 0 0 0 0 0 0 0 15 151 237 182 26 0 0 0 0 0 0 0 0 0 0 0 0 0 0 0 0 0 0 0 0 0 0 0 32 173 251 191 34 0 0 0 0 0 0 0 0 0 0 0 0 0 0 0 0 0 0 0 0 0 0 0 32 177 251 198 41 0 0 0 0 0 0 0 0 0 0 0 0 0 0 0 0 0 0 0 0 0 0 0 15 169 248 194 41 0 0 0 0 0 0 0 0 0 0 0 0 0 0 0 0 0 0 0 0 0 0 0 0 128 231 171 39 0 0 0 0 0 0 0 0 0 0 0 0 0 0 0 0 0 0 0 0 0 0 0 0 123 216 173 30 0 0 0 0 0 0 0 0 0 0 0 0 0 0 0 0 0 0 0 0 0 0 0 5 146 223 168 27 0 0 0 0 0 0 0 0 0 0 0 0 0 0 0 0 0 0 0 0 0 0 0 24 170 226 147 5 0 0 0 0 0 0 0 0 0 0 0 0 0 0 0 0 0 0 0 0 0 0 0 28 162 207 109 0 0 0 0 0 0 0 0 0 0 0 0 0 0 0 0 0 0 0 0 0 0 0 0 0 110 139 38 0 0 0 0 0 0 0 0 0 0 0 0 0 0 0 0 0 0 0 0 0 0 0 0 0 16 29 0 0 0 0 0 0 0 0 0 0 0 0 0 0 0 0 0 0 0 0 0 0 0 0 0 0 0 0 0 0 0 0 0 0 0 0 0 0 0 0 0 0 0 0 0 0 0 0 0 0 0 0 0 0 0 0 0 0 0 0 0 0 0 0 0 0 0 0 0 0 0 0 0 0 0 0 0 0 0 0 0 0 0 0 0 0 0 0 0 0 0 0 0 0 0 0 0 0 0 0 0 0 0 0 0 0 0 0 0 }
CLUSTER-4 {size: 819, centroid: 0 0 0 0 0 0 0 0 0 0 0 0 0 0 0 0 0 0 0 0 0 0 0 0 0 0 0 0 0 0 0 0 0 0 0 0 0 0 0 0 0 0 0 0 0 0 0 0 0 0 0 0 0 0 0 0 0 0 0 0 0 0 0 0 0 0 0 0 0 0 0 0 0 0 0 0 0 0 0 0 0 0 0 0 0 0 0 0 0 0 0 0 0 0 0 0 0 0 0 0 0 0 0 0 0 0 0 0 0 0 0 0 0 0 0 0 0 0 0 0 0 0 0 0 0 0 0 0 0 0 0 0 0 0 0 0 0 0 0 0 0 0 0 0 0 0 0 0 0 0 0 0 0 0 0 0 0 0 0 0 0 0 0 0 0 0 0 0 0 18 81 131 155 152 123 59 0 0 0 0 0 0 0 0 0 0 0 0 0 0 0 0 0 0 0 25 128 218 250 252 252 252 243 203 116 5 0 0 0 0 0 0 0 0 0 0 0 0 0 0 0 0 29 176 249 252 252 248 235 236 238 223 156 45 0 0 0 0 0 0 0 0 0 0 0 0 0 0 0 0 147 237 251 217 144 84 66 106 172 191 128 16 0 0 0 0 0 0 0 0 0 0 0 0 0 0 0 38 191 233 200 61 0 0 0 30 120 143 69 0 0 0 0 0 0 0 0 0 0 0 0 0 0 0 0 46 190 218 116 0 0 0 0 60 145 107 10 0 0 0 0 0 0 0 0 0 0 0 0 0 0 0 0 36 189 209 88 6 0 5 55 151 152 39 0 0 0 0 0 0 0 0 0 0 0 0 0 0 0 0 0 0 152 211 172 128 107 147 191 172 67 0 0 0 0 0 0 0 0 0 0 0 0 0 0 0 0 0 0 0 95 201 236 248 251 248 232 130 3 0 0 0 0 0 0 0 0 0 0 0 0 0 0 0 0 0 0 0 26 170 246 252 253 252 223 70 0 0 0 0 0 0 0 0 0 0 0 0 0 0 0 0 0 0 0 0 0 116 233 252 253 252 221 84 0 0 0 0 0 0 0 0 0 0 0 0 0 0 0 0 0 0 0 0 6 106 191 208 204 223 215 155 0 0 0 0 0 0 0 0 0 0 0 0 0 0 0 0 0 0 0 0 3 77 84 32 40 151 216 209 48 0 0 0 0 0 0 0 0 0 0 0 0 0 0 0 0 0 0 0 26 28 0 0 0 93 223 229 87 0 0 0 0 0 0 0 0 0 0 0 0 0 0 0 0 0 0 21 53 19 0 0 0 121 241 239 88 0 0 0 0 0 0 0 0 0 0 0 0 0 0 0 0 0 14 102 85 30 0 0 57 213 250 220 48 0 0 0 0 0 0 0 0 0 0 0 0 0 0 0 0 0 85 185 165 128 106 129 223 252 240 144 0 0 0 0 0 0 0 0 0 0 0 0 0 0 0 0 0 0 81 212 240 248 250 252 252 241 172 27 0 0 0 0 0 0 0 0 0 0 0 0 0 0 0 0 0 0 14 146 236 252 252 252 230 147 19 0 0 0 0 0 0 0 0 0 0 0 0 0 0 0 0 0 0 0 0 0 16 103 125 103 23 0 0 0 0 0 0 0 0 0 0 0 0 0 0 0 0 0 0 0 0 0 0 0 0 0 0 0 0 0 0 0 0 0 0 0 0 0 0 0 0 0 0 0 0 0 0 0 0 0 0 0 0 0 0 0 0 0 0 0 0 0 0 0 0 0 0 0 0 0 0 0 0 0 0 0 0 0 0 0 0 0 }
CLUSTER-5 {size: 1126, centroid: 0 0 0 0 0 0 0 0 0 0 0 0 0 0 0 0 0 0 0 0 0 0 0 0 0 0 0 0 0 0 0 0 0 0 0 0 0 0 0 0 0 0 0 0 0 0 0 0 0 0 0 0 0 0 0 0 0 0 0 0 0 0 0 0 0 0 0 0 0 0 0 0 0 0 0 0 0 0 0 0 0 0 0 0 0 0 0 0 0 0 0 0 0 0 0 0 0 0 0 0 0 0 0 0 0 0 0 0 0 0 0 0 0 0 0 0 0 0 0 0 0 0 0 0 0 0 0 0 0 0 0 0 0 0 0 0 0 0 0 0 0 0 0 0 0 0 0 0 0 0 0 0 0 0 0 0 0 0 0 0 0 0 0 0 0 0 0 0 0 0 0 1 87 132 67 0 0 0 0 0 0 0 0 0 0 0 0 0 0 0 0 0 0 0 0 0 0 0 0 42 160 216 174 55 0 0 0 0 0 0 0 0 0 0 0 0 0 0 0 0 0 0 0 0 0 0 0 28 186 238 212 71 0 0 0 0 0 0 0 0 0 0 0 0 0 0 0 0 0 0 0 0 0 0 0 36 201 245 213 62 0 0 0 0 0 0 0 0 0 0 0 0 0 0 0 0 0 0 0 0 0 0 0 69 232 250 191 20 0 0 0 0 0 0 0 0 0 0 0 0 0 0 0 0 0 0 0 0 0 0 0 144 252 245 139 0 0 0 0 0 0 0 0 0 0 0 0 0 0 0 0 0 0 0 0 0 0 0 63 238 252 225 61 0 0 0 0 0 0 0 0 0 0 0 0 0 0 0 0 0 0 0 0 0 0 15 185 252 251 152 0 0 0 0 0 0 0 0 0 0 0 0 0 0 0 0 0 0 0 0 0 0 0 116 251 253 224 41 0 0 0 0 0 0 0 0 0 0 0 0 0 0 0 0 0 0 0 0 0 0 56 228 253 252 125 0 0 0 0 0 0 0 0 0 0 0 0 0 0 0 0 0 0 0 0 0 0 11 174 252 253 208 25 0 0 0 0 0 0 0 0 0 0 0 0 0 0 0 0 0 0 0 0 0 0 85 241 252 251 103 0 0 0 0 0 0 0 0 0 0 0 0 0 0 0 0 0 0 0 0 0 0 15 180 252 252 191 19 0 0 0 0 0 0 0 0 0 0 0 0 0 0 0 0 0 0 0 0 0 0 84 234 252 250 106 0 0 0 0 0 0 0 0 0 0 0 0 0 0 0 0 0 0 0 0 0 0 27 182 252 252 191 25 0 0 0 0 0 0 0 0 0 0 0 0 0 0 0 0 0 0 0 0 0 0 98 236 252 247 119 0 0 0 0 0 0 0 0 0 0 0 0 0 0 0 0 0 0 0 0 0 0 0 138 239 249 204 50 0 0 0 0 0 0 0 0 0 0 0 0 0 0 0 0 0 0 0 0 0 0 0 106 203 198 101 0 0 0 0 0 0 0 0 0 0 0 0 0 0 0 0 0 0 0 0 0 0 0 0 6 69 49 0 0 0 0 0 0 0 0 0 0 0 0 0 0 0 0 0 0 0 0 0 0 0 0 0 0 0 0 0 0 0 0 0 0 0 0 0 0 0 0 0 0 0 0 0 0 0 0 0 0 0 0 0 0 0 0 0 0 0 0 0 0 0 0 0 0 0 0 0 0 0 0 0 0 0 0 0 0 0 0 0 0 0 0 0 0 0 0 0 0 0 0 0 0 0 0 0 0 0 0 0 0 0 0 0 0 0 0 0 0 0 0 }
CLUSTER-6 {size: 597, centroid: 0 0 0 0 0 0 0 0 0 0 0 0 0 0 0 0 0 0 0 0 0 0 0 0 0 0 0 0 0 0 0 0 0 0 0 0 0 0 0 0 0 0 0 0 0 0 0 0 0 0 0 0 0 0 0 0 0 0 0 0 0 0 0 0 0 0 0 0 0 0 0 0 0 0 0 0 0 0 0 0 0 0 0 0 0 0 0 0 0 0 0 0 0 0 0 0 0 0 0 0 0 0 0 0 0 0 0 0 0 0 0 0 0 0 0 0 0 0 0 0 0 0 0 0 0 0 0 0 0 0 0 0 0 0 0 0 0 0 0 0 0 0 0 0 0 0 0 0 0 0 0 0 0 0 0 0 0 0 0 0 0 0 0 0 0 0 0 0 37 128 193 217 207 164 105 13 0 0 0 0 0 0 0 0 0 0 0 0 0 0 0 0 0 0 0 96 209 244 252 252 252 247 227 171 47 0 0 0 0 0 0 0 0 0 0 0 0 0 0 0 0 0 114 221 251 252 252 252 251 251 250 240 190 47 0 0 0 0 0 0 0 0 0 0 0 0 0 0 0 100 229 251 252 250 217 161 156 189 231 248 242 173 10 0 0 0 0 0 0 0 0 0 0 0 0 0 64 220 252 252 230 135 47 7 0 25 107 209 252 232 119 0 0 0 0 0 0 0 0 0 0 0 0 19 189 251 252 227 104 0 0 0 0 0 0 120 244 251 201 15 0 0 0 0 0 0 0 0 0 0 0 123 246 252 249 109 0 0 0 0 0 0 0 24 205 252 238 64 0 0 0 0 0 0 0 0 0 0 34 215 252 252 168 4 0 0 0 0 0 0 0 0 162 251 251 112 0 0 0 0 0 0 0 0 0 0 134 251 252 237 47 0 0 0 0 0 0 0 0 0 141 251 251 139 0 0 0 0 0 0 0 0 0 0 203 252 252 153 0 0 0 0 0 0 0 0 0 0 156 252 252 130 0 0 0 0 0 0 0 0 0 36 237 252 251 65 0 0 0 0 0 0 0 0 0 7 202 252 241 91 0 0 0 0 0 0 0 0 0 96 251 252 233 21 0 0 0 0 0 0 0 0 0 98 251 252 207 31 0 0 0 0 0 0 0 0 0 109 252 252 221 10 0 0 0 0 0 0 0 0 45 215 252 244 151 0 0 0 0 0 0 0 0 0 0 78 241 252 233 53 0 0 0 0 0 0 0 74 212 252 251 191 28 0 0 0 0 0 0 0 0 0 0 10 203 252 252 189 35 0 0 0 0 43 144 236 252 252 214 69 0 0 0 0 0 0 0 0 0 0 0 0 118 241 252 252 216 158 134 134 178 227 251 252 246 207 80 0 0 0 0 0 0 0 0 0 0 0 0 0 10 161 246 252 252 252 252 252 252 252 251 236 145 40 0 0 0 0 0 0 0 0 0 0 0 0 0 0 0 12 133 228 252 252 252 252 252 236 183 77 1 0 0 0 0 0 0 0 0 0 0 0 0 0 0 0 0 0 0 41 110 147 168 152 115 60 0 0 0 0 0 0 0 0 0 0 0 0 0 0 0 0 0 0 0 0 0 0 0 0 0 0 0 0 0 0 0 0 0 0 0 0 0 0 0 0 0 0 0 0 0 0 0 0 0 0 0 0 0 0 0 0 0 0 0 0 0 0 0 0 0 0 0 0 0 0 0 0 0 0 0 0 0 0 0 0 0 0 0 0 0 0 0 0 0 0 0 0 0 0 0 0 0 0 0 0 0 0 0 0 0 0 0 0 }
CLUSTER-7 {size: 683, centroid: 0 0 0 0 0 0 0 0 0 0 0 0 0 0 0 0 0 0 0 0 0 0 0 0 0 0 0 0 0 0 0 0 0 0 0 0 0 0 0 0 0 0 0 0 0 0 0 0 0 0 0 0 0 0 0 0 0 0 0 0 0 0 0 0 0 0 0 0 0 0 0 0 0 0 0 0 0 0 0 0 0 0 0 0 0 0 0 0 0 0 0 0 0 0 0 0 0 0 0 0 0 0 0 0 0 0 0 0 0 0 0 0 0 0 0 0 0 0 0 0 0 0 0 0 0 0 0 0 0 0 0 0 0 0 0 0 0 0 0 0 0 0 0 19 84 128 60 0 0 0 0 0 0 0 0 0 0 0 0 0 0 0 0 0 0 0 0 0 0 0 64 198 244 235 169 42 0 0 0 0 0 0 0 0 0 0 0 0 0 0 0 0 0 0 0 0 0 58 206 252 252 241 183 54 0 0 0 0 0 0 0 0 0 0 0 0 0 0 0 0 0 0 0 0 34 201 252 252 231 174 102 34 0 0 0 0 0 0 0 0 0 0 0 0 0 0 0 0 0 0 0 12 180 251 252 226 117 37 9 0 0 0 0 0 0 0 0 0 0 0 0 0 0 0 0 0 0 0 0 136 249 252 226 81 0 0 0 0 0 0 0 0 0 0 0 0 0 0 0 0 0 0 0 0 0 0 94 243 252 247 105 0 0 0 0 0 0 0 0 0 0 0 0 0 0 0 0 0 0 0 0 0 0 27 221 252 252 146 6 0 0 0 0 21 29 0 0 0 0 0 0 0 0 0 0 0 0 0 0 0 0 131 252 252 202 29 0 0 0 0 10 106 128 11 0 0 0 0 0 0 0 0 0 0 0 0 0 0 35 230 253 238 70 0 0 0 0 0 75 187 192 49 0 0 0 0 0 0 0 0 0 0 0 0 0 0 120 252 252 161 6 0 0 0 0 20 135 222 229 90 0 0 0 0 0 0 0 0 0 0 0 0 0 4 195 252 237 67 0 0 0 0 0 32 171 246 228 74 0 0 0 0 0 0 0 0 0 0 0 0 0 54 234 252 190 15 0 0 0 0 0 78 222 252 212 32 0 0 0 0 0 0 0 0 0 0 0 0 0 100 239 252 134 0 0 0 0 0 27 178 251 247 149 0 0 0 0 0 0 0 0 0 0 0 0 0 0 110 236 250 144 7 0 0 0 47 180 249 252 203 38 0 0 0 0 0 0 0 0 0 0 0 0 0 0 114 223 250 199 86 57 68 138 221 252 252 221 70 0 0 0 0 0 0 0 0 0 0 0 0 0 0 0 85 202 244 251 241 235 244 252 253 252 214 79 0 0 0 0 0 0 0 0 0 0 0 0 0 0 0 0 11 135 221 252 252 252 252 252 228 142 32 0 0 0 0 0 0 0 0 0 0 0 0 0 0 0 0 0 0 0 88 173 213 233 200 139 39 0 0 0 0 0 0 0 0 0 0 0 0 0 0 0 0 0 0 0 0 0 0 0 0 0 0 0 0 0 0 0 0 0 0 0 0 0 0 0 0 0 0 0 0 0 0 0 0 0 0 0 0 0 0 0 0 0 0 0 0 0 0 0 0 0 0 0 0 0 0 0 0 0 0 0 0 0 0 0 0 0 0 0 0 0 0 0 0 0 0 0 0 0 0 0 0 0 0 0 0 0 0 0 0 0 0 0 0 0 0 0 0 0 0 0 0 0 0 0 0 0 0 0 0 0 0 0 0 0 0 0 0 0 0 0 0 }
CLUSTER-8 {size: 1305, centroid: 0 0 0 0 0 0 0 0 0 0 0 0 0 0 0 0 0 0 0 0 0 0 0 0 0 0 0 0 0 0 0 0 0 0 0 0 0 0 0 0 0 0 0 0 0 0 0 0 0 0 0 0 0 0 0 0 0 0 0 0 0 0 0 0 0 0 0 0 0 0 0 0 0 0 0 0 0 0 0 0 0 0 0 0 0 0 0 0 0 0 0 0 0 0 0 0 0 0 0 0 0 0 0 0 0 0 0 0 0 0 0 0 0 0 0 0 0 0 0 0 0 0 0 0 0 0 0 0 0 0 0 0 0 0 0 0 0 0 0 0 0 0 0 0 0 0 0 0 0 0 0 0 0 0 0 0 0 0 0 0 0 0 0 0 0 0 0 0 0 0 0 0 0 0 0 0 0 0 0 0 0 0 0 0 0 0 0 0 0 0 0 0 0 0 0 0 0 0 0 0 0 0 0 0 0 0 0 0 0 0 0 0 0 0 0 0 0 0 0 0 0 0 0 14 77 125 143 167 167 172 152 120 39 0 0 0 0 0 0 0 0 0 0 0 0 0 0 0 0 0 84 190 237 247 250 243 237 244 243 226 146 2 0 0 0 0 0 0 0 0 0 0 0 0 0 0 0 76 199 246 250 235 189 147 146 206 247 242 168 5 0 0 0 0 0 0 0 0 0 0 0 0 0 0 3 116 222 233 160 61 2 0 24 155 243 242 143 0 0 0 0 0 0 0 0 0 0 0 0 0 0 0 18 147 198 117 7 0 0 0 15 181 251 231 86 0 0 0 0 0 0 0 0 0 0 0 0 0 0 0 13 120 112 9 0 0 0 0 93 247 252 213 20 0 0 0 0 0 0 0 0 0 0 0 0 0 0 0 0 50 15 0 0 0 0 42 215 252 250 120 0 0 0 0 0 0 0 0 0 0 0 0 0 0 0 0 0 0 0 0 0 0 21 170 252 253 217 30 0 0 0 0 0 0 0 0 0 0 0 0 0 0 0 0 0 0 0 0 0 8 106 245 253 252 121 0 0 0 0 0 0 0 0 0 0 0 0 0 0 0 0 0 0 0 0 0 0 32 185 253 253 207 21 0 0 0 0 0 0 0 0 0 0 0 0 0 0 0 0 0 0 0 0 0 0 72 236 253 248 86 0 0 0 0 0 0 0 0 0 0 0 0 0 0 0 0 0 0 0 0 0 0 2 155 252 252 169 0 0 0 0 0 0 0 0 0 0 0 0 0 0 0 0 0 0 0 0 0 0 0 48 224 252 242 55 0 0 0 0 0 0 0 0 0 0 0 0 0 0 0 0 0 0 0 0 0 0 0 141 245 252 148 0 0 0 0 0 0 0 0 0 0 0 0 0 0 0 0 0 0 0 0 0 0 0 55 212 248 226 31 0 0 0 0 0 0 0 0 0 0 0 0 0 0 0 0 0 0 0 0 0 0 0 144 227 240 114 0 0 0 0 0 0 0 0 0 0 0 0 0 0 0 0 0 0 0 0 0 0 0 38 165 218 187 20 0 0 0 0 0 0 0 0 0 0 0 0 0 0 0 0 0 0 0 0 0 0 0 25 140 169 75 0 0 0 0 0 0 0 0 0 0 0 0 0 0 0 0 0 0 0 0 0 0 0 0 0 21 23 0 0 0 0 0 0 0 0 0 0 0 0 0 0 0 0 0 0 0 0 0 0 0 0 0 0 0 0 0 0 0 0 0 0 0 0 0 0 0 0 0 0 0 0 0 0 0 0 0 0 0 0 0 0 0 }
CLUSTER-9 {size: 494, centroid: 0 0 0 0 0 0 0 0 0 0 0 0 0 0 0 0 0 0 0 0 0 0 0 0 0 0 0 0 0 0 0 0 0 0 0 0 0 0 0 0 0 0 0 0 0 0 0 0 0 0 0 0 0 0 0 0 0 0 0 0 0 0 0 0 0 0 0 0 0 0 0 0 0 0 0 0 0 0 0 0 0 0 0 0 0 0 0 0 0 0 0 0 0 0 0 0 0 0 0 0 0 0 0 0 0 0 0 0 0 0 0 0 0 0 0 0 0 0 0 0 0 0 0 0 0 0 0 0 0 0 0 0 0 0 0 0 0 0 0 0 0 0 0 0 0 0 0 0 0 0 0 0 0 0 0 0 0 0 0 0 0 0 0 0 0 0 7 95 136 171 193 183 145 101 39 0 0 0 0 0 0 0 0 0 0 0 0 0 0 0 0 0 0 66 204 252 252 252 252 252 252 243 197 70 0 0 0 0 0 0 0 0 0 0 0 0 0 0 0 0 58 225 252 252 252 252 252 252 252 252 226 146 16 0 0 0 0 0 0 0 0 0 0 0 0 0 0 3 187 252 252 252 242 207 182 179 192 203 181 99 0 0 0 0 0 0 0 0 0 0 0 0 0 0 0 19 208 252 252 168 62 18 0 12 59 99 104 53 0 0 0 0 0 0 0 0 0 0 0 0 0 0 0 6 189 252 232 79 0 0 0 0 24 66 75 10 0 0 0 0 0 0 0 0 0 0 0 0 0 0 0 0 171 252 227 92 25 3 12 41 85 90 73 0 0 0 0 0 0 0 0 0 0 0 0 0 0 0 0 0 123 247 249 212 170 166 174 220 214 153 61 0 0 0 0 0 0 0 0 0 0 0 0 0 0 0 0 0 56 226 252 252 252 252 252 253 252 208 91 0 0 0 0 0 0 0 0 0 0 0 0 0 0 0 0 0 5 156 252 252 253 253 253 253 252 236 160 44 0 0 0 0 0 0 0 0 0 0 0 0 0 0 0 0 0 59 168 220 247 249 252 252 247 234 206 140 13 0 0 0 0 0 0 0 0 0 0 0 0 0 0 0 0 0 89 134 136 82 65 92 159 203 234 213 81 0 0 0 0 0 0 0 0 0 0 0 0 0 0 0 0 0 42 43 3 0 0 0 2 93 212 249 173 11 0 0 0 0 0 0 0 0 0 0 0 0 0 0 0 0 33 45 0 0 0 0 0 41 217 252 230 50 0 0 0 0 0 0 0 0 0 0 0 0 0 0 0 61 125 81 0 0 0 0 0 64 234 252 244 50 0 0 0 0 0 0 0 0 0 0 0 0 0 0 0 91 216 196 110 45 20 26 92 211 252 252 226 24 0 0 0 0 0 0 0 0 0 0 0 0 0 0 0 126 222 252 251 236 216 232 252 252 252 252 128 0 0 0 0 0 0 0 0 0 0 0 0 0 0 0 0 47 196 252 252 252 252 253 253 252 252 154 10 0 0 0 0 0 0 0 0 0 0 0 0 0 0 0 0 0 64 156 236 252 252 253 252 194 90 1 0 0 0 0 0 0 0 0 0 0 0 0 0 0 0 0 0 0 0 0 0 25 78 56 0 0 0 0 0 0 0 0 0 0 0 0 0 0 0 0 0 0 0 0 0 0 0 0 0 0 0 0 0 0 0 0 0 0 0 0 0 0 0 0 0 0 0 0 0 0 0 0 0 0 0 0 0 0 0 0 0 0 0 0 0 0 0 0 0 0 0 0 0 0 0 0 0 0 0 0 0 0 0 0 }
CLUSTER-10 {size: 938, centroid: 0 0 0 0 0 0 0 0 0 0 0 0 0 0 0 0 0 0 0 0 0 0 0 0 0 0 0 0 0 0 0 0 0 0 0 0 0 0 0 0 0 0 0 0 0 0 0 0 0 0 0 0 0 0 0 0 0 0 0 0 0 0 0 0 0 0 0 0 0 0 0 0 0 0 0 0 0 0 0 0 0 0 0 0 0 0 0 0 0 0 0 0 0 0 0 0 0 0 0 0 0 0 0 0 0 0 0 0 0 0 0 0 0 0 0 0 0 0 0 0 0 0 0 0 0 0 0 0 0 0 0 0 0 0 0 0 0 0 0 0 0 19 17 0 0 0 0 0 0 0 0 0 0 0 0 0 0 0 0 0 0 0 0 0 0 12 118 187 233 249 252 234 193 130 15 0 0 0 0 0 0 0 0 0 0 0 0 0 0 0 0 0 2 123 210 237 247 246 247 241 235 212 116 0 0 0 0 0 0 0 0 0 0 0 0 0 0 0 0 0 10 97 140 142 121 106 120 141 175 183 124 0 0 0 0 0 0 0 0 0 0 0 0 0 0 0 0 0 0 3 18 0 0 0 0 23 107 168 94 0 0 0 0 0 0 0 0 0 0 0 0 0 0 0 0 0 0 0 0 0 0 0 0 46 143 171 62 0 0 0 0 0 0 0 0 0 0 0 0 0 0 0 0 0 0 0 0 0 0 21 89 170 200 152 17 0 0 0 0 0 0 0 0 0 0 0 0 0 0 0 0 0 0 0 0 51 127 190 231 240 226 101 1 0 0 0 0 0 0 0 0 0 0 0 0 0 0 0 0 0 0 0 60 175 236 252 252 252 228 128 12 0 0 0 0 0 0 0 0 0 0 0 0 0 0 0 0 0 0 0 89 204 239 252 252 240 220 184 105 0 0 0 0 0 0 0 0 0 0 0 0 0 0 0 0 0 0 0 13 68 105 111 111 123 161 202 194 71 0 0 0 0 0 0 0 0 0 0 0 0 0 0 0 0 0 0 0 0 0 0 0 0 21 146 205 159 24 0 0 0 0 0 0 0 0 0 0 0 0 0 0 0 0 0 0 0 0 0 0 0 0 63 198 194 65 0 0 0 0 0 0 0 0 0 0 0 0 0 0 0 0 0 0 0 0 0 0 0 0 21 198 211 89 0 0 0 0 0 0 0 0 0 0 0 0 0 0 0 0 0 0 0 0 0 0 0 0 43 204 211 86 0 0 0 0 0 0 0 0 0 0 0 0 0 0 0 0 0 0 0 0 0 0 0 6 160 229 204 57 0 0 0 0 0 0 0 0 0 0 0 0 0 0 0 27 29 8 0 0 0 0 41 161 233 230 163 9 0 0 0 0 0 0 0 0 0 0 0 0 0 0 24 128 164 181 155 148 150 193 232 247 240 200 53 0 0 0 0 0 0 0 0 0 0 0 0 0 0 0 2 120 211 247 252 252 252 252 252 239 175 45 0 0 0 0 0 0 0 0 0 0 0 0 0 0 0 0 0 6 86 158 221 237 233 212 147 72 5 0 0 0 0 0 0 0 0 0 0 0 0 0 0 0 0 0 0 0 0 0 0 0 0 0 0 0 0 0 0 0 0 0 0 0 0 0 0 0 0 0 0 0 0 0 0 0 0 0 0 0 0 0 0 0 0 0 0 0 0 0 0 0 0 0 0 0 0 0 0 0 0 0 0 0 0 0 0 0 0 0 0 0 0 0 0 0 0 0 0 0 0 0 0 0 0 0 0 0 0 0 0 0 0 0 0 }
clustering_time: 24
Silhouette: [0.197522, 0.0856898, 0.223708, 0.130166, 0.21711, 0.241869, 0.163531, 0.195647, 0.129849, 0.146911, 0.177893]
Value of Objective Function: 1.9099e+08

CLASSES AS CLUSTERS
Silhouette: [-0.00101317, 0.623659, 0.205792, 0.262212, 0.33201, 0.171476, 0.249574, 0.387368, 0.244997, 0.357326, 0.289775]
Value of Objective Function: 1.93958e+08

NEW SPACE
CLUSTER-1 {size: 1069, centroid: 10984 7385 2651 4908 6774 13939 4818 10065 3169 3942 }
CLUSTER-2 {size: 854, centroid: 10713 11972 8211 8187 9904 14702 11571 9591 4418 4859 }
CLUSTER-3 {size: 1360, centroid: 8432 4234 7886 3261 3610 9240 1981 2461 5796 5112 }
CLUSTER-4 {size: 1137, centroid: 5535 5524 6245 8991 1413 14649 9333 6289 5407 5500 }
CLUSTER-5 {size: 749, centroid: 11000 5986 10820 3815 8767 7493 11351 10784 5715 6132 }
CLUSTER-6 {size: 749, centroid: 9707 6641 3062 6804 5550 16922 7393 12456 10689 6706 }
CLUSTER-7 {size: 962, centroid: 11683 10493 6507 8988 11722 11286 7683 6090 11028 7090 }
CLUSTER-8 {size: 1231, centroid: 6753 7972 9613 8541 10800 8286 6708 2907 5800 6190 }
CLUSTER-9 {size: 1270, centroid: 5031 11828 5423 5325 1902 9130 9867 7934 5584 4608 }
CLUSTER-10 {size: 619, centroid: 12891 6046 1898 14578 9016 12137 14982 9398 4960 5910 }
clustering_time: 0
Silhouette: [0.244703, 0.225826, 0.335696, 0.194253, 0.275682, 0.19755, 0.224657, 0.245877, 0.253265, 0.270771, 0.249435]
Value of Objective Function: 2.36773e+08

ORIGINAL SPACE
CLUSTER-1 {size: 762, centroid: 0 0 0 0 0 0 0 0 0 0 0 0 0 0 0 0 0 0 0 0 0 0 0 0 0 0 0 0 0 0 0 0 0 0 0 0 0 0 0 0 0 0 0 0 0 0 0 0 0 0 0 0 0 0 0 0 0 0 0 0 0 0 0 0 0 0 0 0 0 0 0 0 0 0 0 0 0 0 0 0 0 0 0 0 0 0 0 0 0 0 0 0 0 0 0 0 0 0 0 0 0 0 0 0 0 0 0 0 0 0 0 0 0 0 0 0 0 0 0 0 0 0 0 0 0 0 0 0 0 0 0 0 0 0 0 0 0 0 0 0 0 0 0 0 0 0 0 0 0 0 0 0 0 0 0 0 0 0 0 0 0 0 0 0 0 0 0 0 0 0 0 41 103 150 148 128 56 0 0 0 0 0 0 0 0 0 0 0 0 0 0 0 0 0 0 0 0 31 130 213 237 244 243 214 156 73 0 0 0 0 0 0 0 0 0 0 0 0 0 0 0 0 0 0 41 184 247 252 252 247 235 203 156 65 0 0 0 0 0 0 0 0 0 0 0 0 0 0 0 0 0 17 174 250 252 243 192 149 117 99 50 0 0 0 0 0 0 0 0 0 0 0 0 0 0 0 0 0 0 113 233 252 227 130 38 4 0 0 0 0 0 0 0 0 0 0 0 0 0 0 0 0 0 0 0 0 39 200 251 230 126 14 0 0 0 0 0 0 0 0 0 0 0 0 0 0 0 0 0 0 0 0 0 0 137 246 250 170 36 0 0 0 0 0 0 0 0 0 0 0 0 0 0 0 0 0 0 0 0 0 0 42 220 252 241 143 36 0 0 0 0 0 0 0 0 0 0 0 0 0 0 0 0 0 0 0 0 0 0 101 239 252 225 136 82 40 6 0 0 0 0 0 0 0 0 0 0 0 0 0 0 0 0 0 0 0 0 95 230 229 155 113 110 82 79 63 29 0 0 0 0 0 0 0 0 0 0 0 0 0 0 0 0 0 0 49 119 88 21 13 21 41 101 146 137 47 0 0 0 0 0 0 0 0 0 0 0 0 0 0 0 0 0 0 0 0 0 0 0 0 96 195 211 92 0 0 0 0 0 0 0 0 0 0 0 0 0 0 0 0 0 0 0 0 0 0 0 3 117 234 235 83 0 0 0 0 0 0 0 0 0 0 0 0 0 0 0 0 0 0 0 0 0 0 0 41 207 250 214 34 0 0 0 0 0 0 0 0 0 0 0 0 0 0 0 10 26 0 0 0 0 0 38 166 248 249 134 0 0 0 0 0 0 0 0 0 0 0 0 0 0 0 0 96 112 103 67 52 79 141 226 252 251 194 28 0 0 0 0 0 0 0 0 0 0 0 0 0 0 0 0 135 212 223 225 236 247 252 252 249 185 41 0 0 0 0 0 0 0 0 0 0 0 0 0 0 0 0 0 66 191 250 252 252 252 252 219 130 14 0 0 0 0 0 0 0 0 0 0 0 0 0 0 0 0 0 0 0 41 143 179 187 159 114 24 0 0 0 0 0 0 0 0 0 0 0 0 0 0 0 0 0 0 0 0 0 0 0 0 0 0 0 0 0 0 0 0 0 0 0 0 0 0 0 0 0 0 0 0 0 0 0 0 0 0 0 0 0 0 0 0 0 0 0 0 0 0 0 0 0 0 0 0 0 0 0 0 0 0 0 0 0 0 0 0 0 0 0 0 0 0 0 0 0 0 0 0 0 0 0 0 0 0 0 0 0 0 0 0 0 0 0 0 0 }
CLUSTER-2 {size: 580, centroid: 0 0 0 0 0 0 0 0 0 0 0 0 0 0 0 0 0 0 0 0 0 0 0 0 0 0 0 0 0 0 0 0 0 0 0 0 0 0 0 0 0 0 0 0 0 0 0 0 0 0 0 0 0 0 0 0 0 0 0 0 0 0 0 0 0 0 0 0 0 0 0 0 0 0 0 0 0 0 0 0 0 0 0 0 0 0 0 0 0 0 0 0 0 0 0 0 0 0 0 0 0 0 0 0 0 0 0 0 0 0 0 0 0 0 0 0 0 0 0 0 0 0 0 0 0 0 0 0 0 0 0 0 0 0 0 0 0 0 0 0 64 125 165 180 171 118 13 0 0 0 0 0 0 0 0 0 0 0 0 0 0 0 0 0 0 0 18 121 198 244 252 252 252 243 167 33 0 0 0 0 0 0 0 0 0 0 0 0 0 0 0 0 0 0 65 176 224 233 248 247 250 251 232 135 2 0 0 0 0 0 0 0 0 0 0 0 0 0 0 0 0 0 47 137 136 128 128 126 184 227 236 200 54 0 0 0 0 0 0 0 0 0 0 0 0 0 0 0 0 0 3 4 0 0 0 0 22 151 240 215 99 0 0 0 0 0 0 0 0 0 0 0 0 0 0 0 0 0 0 0 0 0 0 0 0 125 237 230 129 0 0 0 0 0 0 0 0 0 0 0 0 0 0 0 0 0 0 0 0 0 0 0 0 123 244 236 112 0 0 0 0 0 0 0 0 0 0 0 0 0 0 0 0 0 0 0 0 0 0 0 0 169 248 224 64 0 0 0 0 0 0 0 0 0 0 0 0 0 0 0 0 0 0 0 0 0 0 0 42 214 243 186 8 0 0 0 0 0 0 0 0 0 0 0 0 0 0 0 0 0 0 0 0 0 0 1 136 238 247 146 0 0 0 0 0 0 0 0 0 0 0 0 0 0 0 0 0 0 0 0 0 23 55 123 211 249 229 70 0 0 0 0 0 0 0 0 0 0 0 0 0 0 0 0 0 7 56 124 148 178 191 223 251 251 191 20 0 0 0 0 0 0 0 0 0 0 0 0 0 0 0 5 67 162 207 231 246 251 252 252 252 252 176 26 0 0 0 0 0 0 0 0 0 0 0 0 0 0 4 107 196 222 231 237 252 252 252 253 252 252 199 93 0 0 0 0 0 0 0 0 0 0 0 0 0 0 90 213 240 242 242 251 252 252 253 253 252 252 231 168 80 0 0 0 0 0 0 0 0 0 0 0 0 0 162 242 252 252 252 252 252 252 252 251 232 216 207 171 120 20 0 0 0 0 0 0 0 0 0 0 0 4 168 252 252 252 252 252 252 244 196 112 67 63 89 91 53 0 0 0 0 0 0 0 0 0 0 0 0 0 112 226 252 252 252 231 191 94 14 0 0 0 0 0 0 0 0 0 0 0 0 0 0 0 0 0 0 0 0 62 122 142 115 46 0 0 0 0 0 0 0 0 0 0 0 0 0 0 0 0 0 0 0 0 0 0 0 0 0 0 0 0 0 0 0 0 0 0 0 0 0 0 0 0 0 0 0 0 0 0 0 0 0 0 0 0 0 0 0 0 0 0 0 0 0 0 0 0 0 0 0 0 0 0 0 0 0 0 0 0 0 0 0 0 0 0 0 0 0 0 0 0 0 0 0 0 0 0 0 0 0 0 0 0 0 0 0 0 0 0 0 0 0 0 0 0 0 0 0 0 0 0 0 0 0 0 0 0 0 0 0 0 0 0 0 0 0 0 0 0 0 0 0 0 }
CLUSTER-3 {size: 2403, centroid: 0 0 0 0 0 0 0 0 0 0 0 0 0 0 0 0 0 0 0 0 0 0 0 0 0 0 0 0 0 0 0 0 0 0 0 0 0 0 0 0 0 0 0 0 0 0 0 0 0 0 0 0 0 0 0 0 0 0 0 0 0 0 0 0 0 0 0 0 0 0 0 0 0 0 0 0 0 0 0 0 0 0 0 0 0 0 0 0 0 0 0 0 0 0 0 0 0 0 0 0 0 0 0 0 0 0 0 0 0 0 0 0 0 0 0 0 0 0 0 0 0 0 0 0 0 0 0 0 0 0 0 0 0 0 0 0 0 0 0 0 0 0 0 0 0 0 0 0 0 0 0 0 0 0 0 0 0 0 0 0 0 0 0 0 0 0 0 0 0 0 0 0 0 0 0 0 0 0 0 0 0 0 0 0 0 0 0 0 0 0 0 0 0 0 0 0 0 0 0 0 0 0 0 0 0 0 0 0 0 0 0 0 0 0 0 0 0 0 0 0 0 0 14 55 94 118 128 130 130 113 56 4 0 0 0 0 0 0 0 0 0 0 0 0 0 0 0 0 0 78 172 214 217 204 183 186 203 212 178 96 0 0 0 0 0 0 0 0 0 0 0 0 0 0 0 0 60 194 233 232 184 102 51 75 151 209 219 151 0 0 0 0 0 0 0 0 0 0 0 0 0 0 0 0 114 211 218 133 22 0 0 0 61 197 230 166 0 0 0 0 0 0 0 0 0 0 0 0 0 0 0 4 139 198 133 6 0 0 0 0 38 212 242 168 0 0 0 0 0 0 0 0 0 0 0 0 0 0 0 11 144 159 38 0 0 0 0 0 108 246 248 149 0 0 0 0 0 0 0 0 0 0 0 0 0 0 0 10 128 119 10 0 0 0 0 29 202 252 249 106 0 0 0 0 0 0 0 0 0 0 0 0 0 0 0 0 93 110 31 0 0 0 22 145 252 253 234 45 0 0 0 0 0 0 0 0 0 0 0 0 0 0 0 0 19 81 80 58 51 64 111 204 253 252 194 7 0 0 0 0 0 0 0 0 0 0 0 0 0 0 0 0 0 0 9 16 21 45 111 221 253 252 125 0 0 0 0 0 0 0 0 0 0 0 0 0 0 0 0 0 0 0 0 0 0 0 77 228 252 220 50 0 0 0 0 0 0 0 0 0 0 0 0 0 0 0 0 0 0 0 0 0 0 0 72 226 237 151 0 0 0 0 0 0 0 0 0 0 0 0 0 0 0 0 0 0 0 0 0 0 0 0 113 216 197 78 0 0 0 0 0 0 0 0 0 0 0 0 0 0 0 0 0 0 0 0 0 0 0 0 132 192 142 18 0 0 0 0 0 0 0 0 0 0 0 0 0 0 0 0 0 0 0 0 0 0 0 17 128 145 81 0 0 0 0 0 0 0 0 0 0 0 0 0 0 0 0 0 0 0 0 0 0 0 0 33 103 107 38 0 0 0 0 0 0 0 0 0 0 0 0 0 0 0 0 0 0 0 0 0 0 0 0 19 64 53 0 0 0 0 0 0 0 0 0 0 0 0 0 0 0 0 0 0 0 0 0 0 0 0 0 0 6 0 0 0 0 0 0 0 0 0 0 0 0 0 0 0 0 0 0 0 0 0 0 0 0 0 0 0 0 0 0 0 0 0 0 0 0 0 0 0 0 0 0 0 0 0 0 0 0 0 0 0 0 0 0 0 0 0 0 0 0 0 0 0 0 0 0 0 0 0 0 0 0 0 0 0 0 0 0 0 0 0 }
CLUSTER-4 {size: 459, centroid: 0 0 0 0 0 0 0 0 0 0 0 0 0 0 0 0 0 0 0 0 0 0 0 0 0 0 0 0 0 0 0 0 0 0 0 0 0 0 0 0 0 0 0 0 0 0 0 0 0 0 0 0 0 0 0 0 0 0 0 0 0 0 0 0 0 0 0 0 0 0 0 0 0 0 0 0 0 0 0 0 0 0 0 0 0 0 0 0 0 0 0 0 0 0 0 0 0 0 0 0 0 0 0 0 0 0 0 0 0 0 0 0 0 0 0 0 0 0 0 0 0 0 0 0 0 0 0 0 0 0 0 0 0 0 0 0 0 0 0 0 0 0 0 0 0 0 0 0 0 0 0 0 0 0 0 0 0 0 0 0 0 0 0 0 0 0 0 0 0 20 97 128 152 156 118 57 0 0 0 0 0 0 0 0 0 0 0 0 0 0 0 0 0 0 0 9 118 197 238 251 252 252 239 217 135 26 0 0 0 0 0 0 0 0 0 0 0 0 0 0 0 0 34 154 230 251 252 252 252 252 252 251 238 158 15 0 0 0 0 0 0 0 0 0 0 0 0 0 0 39 174 240 252 252 252 245 214 191 203 245 252 239 130 0 0 0 0 0 0 0 0 0 0 0 0 0 33 186 246 252 252 246 178 87 35 23 57 178 252 252 222 33 0 0 0 0 0 0 0 0 0 0 0 12 160 240 252 251 212 82 10 0 0 0 0 38 216 252 249 117 0 0 0 0 0 0 0 0 0 0 0 126 242 252 252 203 58 0 0 0 0 0 0 0 128 252 252 190 0 0 0 0 0 0 0 0 0 0 48 222 252 252 222 49 0 0 0 0 0 0 0 0 73 251 252 227 0 0 0 0 0 0 0 0 0 0 171 252 252 239 81 0 0 0 0 0 0 0 0 0 57 247 252 232 0 0 0 0 0 0 0 0 0 44 234 252 252 133 0 0 0 0 0 0 0 0 0 0 109 252 252 220 0 0 0 0 0 0 0 0 0 118 252 253 241 47 0 0 0 0 0 0 0 0 0 15 196 252 251 132 0 0 0 0 0 0 0 0 0 171 252 253 196 0 0 0 0 0 0 0 0 0 0 134 251 252 224 56 0 0 0 0 0 0 0 0 0 200 253 252 169 0 0 0 0 0 0 0 0 10 145 248 252 244 163 0 0 0 0 0 0 0 0 0 0 191 252 252 182 0 0 0 0 0 0 0 45 182 250 252 244 170 22 0 0 0 0 0 0 0 0 0 0 145 252 252 228 89 4 0 0 24 68 176 234 252 252 241 173 25 0 0 0 0 0 0 0 0 0 0 0 57 228 252 252 239 200 190 191 213 244 252 252 251 220 127 23 0 0 0 0 0 0 0 0 0 0 0 0 0 128 244 252 252 252 252 252 252 252 252 233 179 64 0 0 0 0 0 0 0 0 0 0 0 0 0 0 0 0 106 205 251 252 252 252 247 215 155 69 4 0 0 0 0 0 0 0 0 0 0 0 0 0 0 0 0 0 0 5 84 123 128 120 65 17 0 0 0 0 0 0 0 0 0 0 0 0 0 0 0 0 0 0 0 0 0 0 0 0 0 0 0 0 0 0 0 0 0 0 0 0 0 0 0 0 0 0 0 0 0 0 0 0 0 0 0 0 0 0 0 0 0 0 0 0 0 0 0 0 0 0 0 0 0 0 0 0 0 0 0 0 0 0 0 0 0 0 0 0 0 0 0 0 0 0 0 0 0 0 0 0 0 0 0 0 0 0 0 0 0 0 0 0 0 }
CLUSTER-5 {size: 875, centroid: 0 0 0 0 0 0 0 0 0 0 0 0 0 0 0 0 0 0 0 0 0 0 0 0 0 0 0 0 0 0 0 0 0 0 0 0 0 0 0 0 0 0 0 0 0 0 0 0 0 0 0 0 0 0 0 0 0 0 0 0 0 0 0 0 0 0 0 0 0 0 0 0 0 0 0 0 0 0 0 0 0 0 0 0 0 0 0 0 0 0 0 0 0 0 0 0 0 0 0 0 0 0 0 0 0 0 0 0 0 0 0 0 0 0 0 0 0 0 0 0 0 0 0 0 0 0 0 0 0 0 0 0 0 0 0 0 0 0 0 0 0 0 19 0 0 0 0 0 0 0 0 0 0 0 0 0 0 0 0 0 0 0 0 0 0 0 0 0 25 64 64 21 0 0 0 0 0 0 0 0 0 0 0 0 0 0 0 0 0 0 0 0 0 0 0 25 116 138 85 4 0 0 0 0 0 0 0 0 0 0 0 0 0 0 0 0 0 0 0 0 0 0 0 112 185 181 64 0 0 0 0 0 0 0 0 0 0 0 0 0 0 0 0 0 0 0 0 0 0 0 61 187 215 153 3 0 0 0 0 0 0 0 0 0 0 0 0 0 0 0 0 0 0 0 0 0 0 11 164 232 207 51 0 0 0 0 0 0 0 0 0 0 0 0 0 0 0 0 0 0 0 0 0 0 0 82 228 246 167 0 0 0 0 0 0 0 0 0 0 0 0 0 0 0 0 0 0 0 0 0 0 0 14 174 249 243 66 0 0 0 0 0 0 0 0 0 0 0 0 0 0 0 0 0 0 0 0 0 0 0 72 231 252 195 9 0 0 0 10 85 145 149 76 0 0 0 0 0 0 0 0 0 0 0 0 0 0 0 151 249 252 134 0 0 0 66 173 232 243 235 190 49 0 0 0 0 0 0 0 0 0 0 0 0 0 8 197 252 248 104 0 11 127 222 245 250 249 242 217 116 0 0 0 0 0 0 0 0 0 0 0 0 0 32 226 252 246 112 56 149 234 248 237 217 211 221 222 142 0 0 0 0 0 0 0 0 0 0 0 0 0 47 222 252 248 172 154 218 234 223 160 98 151 226 228 135 0 0 0 0 0 0 0 0 0 0 0 0 0 14 191 252 252 225 218 229 221 173 83 108 196 244 222 99 0 0 0 0 0 0 0 0 0 0 0 0 0 0 107 232 252 248 236 241 235 197 187 213 244 243 187 17 0 0 0 0 0 0 0 0 0 0 0 0 0 0 7 156 250 252 252 252 252 252 252 252 246 195 48 0 0 0 0 0 0 0 0 0 0 0 0 0 0 0 0 19 164 248 252 253 252 253 252 226 152 37 0 0 0 0 0 0 0 0 0 0 0 0 0 0 0 0 0 0 7 104 180 211 211 164 122 42 1 0 0 0 0 0 0 0 0 0 0 0 0 0 0 0 0 0 0 0 0 0 0 0 0 0 0 0 0 0 0 0 0 0 0 0 0 0 0 0 0 0 0 0 0 0 0 0 0 0 0 0 0 0 0 0 0 0 0 0 0 0 0 0 0 0 0 0 0 0 0 0 0 0 0 0 0 0 0 0 0 0 0 0 0 0 0 0 0 0 0 0 0 0 0 0 0 0 0 0 0 0 0 0 0 0 0 0 0 0 0 0 0 0 0 0 0 0 0 0 0 0 0 0 0 0 0 0 0 0 0 0 0 0 0 0 0 0 0 0 0 0 0 0 0 0 0 0 0 0 0 0 0 0 0 0 0 0 0 0 0 0 }
CLUSTER-6 {size: 1103, centroid: 0 0 0 0 0 0 0 0 0 0 0 0 0 0 0 0 0 0 0 0 0 0 0 0 0 0 0 0 0 0 0 0 0 0 0 0 0 0 0 0 0 0 0 0 0 0 0 0 0 0 0 0 0 0 0 0 0 0 0 0 0 0 0 0 0 0 0 0 0 0 0 0 0 0 0 0 0 0 0 0 0 0 0 0 0 0 0 0 0 0 0 0 0 0 0 0 0 0 0 0 0 0 0 0 0 0 0 0 0 0 0 0 0 0 0 0 0 0 0 0 0 0 0 0 0 0 0 0 0 0 0 0 0 0 0 0 0 0 0 0 0 0 0 0 0 0 0 0 0 0 0 0 0 0 0 0 0 0 0 0 0 0 0 0 0 15 118 178 220 238 241 211 167 90 3 0 0 0 0 0 0 0 0 0 0 0 0 0 0 0 0 0 19 150 228 250 252 252 252 250 240 213 105 0 0 0 0 0 0 0 0 0 0 0 0 0 0 0 0 0 56 168 216 210 181 156 168 180 208 206 124 0 0 0 0 0 0 0 0 0 0 0 0 0 0 0 0 0 20 84 87 45 8 0 4 50 128 167 91 0 0 0 0 0 0 0 0 0 0 0 0 0 0 0 0 0 0 0 0 0 0 0 0 39 136 155 36 0 0 0 0 0 0 0 0 0 0 0 0 0 0 0 0 0 0 0 0 0 0 0 54 139 180 129 4 0 0 0 0 0 0 0 0 0 0 0 0 0 0 0 0 0 0 0 9 48 79 142 212 231 203 88 0 0 0 0 0 0 0 0 0 0 0 0 0 0 0 0 0 0 0 5 98 180 229 252 252 252 226 110 4 0 0 0 0 0 0 0 0 0 0 0 0 0 0 0 0 0 0 6 131 232 252 252 252 252 223 172 71 0 0 0 0 0 0 0 0 0 0 0 0 0 0 0 0 0 0 0 45 131 184 197 190 191 203 210 178 54 0 0 0 0 0 0 0 0 0 0 0 0 0 0 0 0 0 0 0 0 0 0 0 15 83 177 211 152 18 0 0 0 0 0 0 0 0 0 0 0 0 0 0 0 0 0 0 0 0 0 0 0 0 88 203 194 71 0 0 0 0 0 0 0 0 0 0 0 0 0 0 0 0 0 0 0 0 0 0 0 0 21 193 222 120 0 0 0 0 0 0 0 0 0 0 0 0 0 0 0 0 0 0 0 0 0 0 0 0 20 186 231 134 0 0 0 0 0 0 0 0 0 0 0 0 0 0 0 0 0 0 0 0 0 0 0 0 79 222 234 135 0 0 0 0 0 0 0 0 0 0 0 0 0 0 0 0 14 11 0 0 0 0 10 96 213 243 224 79 0 0 0 0 0 0 0 0 0 0 0 0 0 0 0 59 128 161 162 144 131 166 214 245 251 241 147 2 0 0 0 0 0 0 0 0 0 0 0 0 0 0 0 43 167 228 251 252 252 252 252 252 233 147 9 0 0 0 0 0 0 0 0 0 0 0 0 0 0 0 0 0 33 139 216 243 252 247 217 147 57 0 0 0 0 0 0 0 0 0 0 0 0 0 0 0 0 0 0 0 0 0 0 0 0 0 0 0 0 0 0 0 0 0 0 0 0 0 0 0 0 0 0 0 0 0 0 0 0 0 0 0 0 0 0 0 0 0 0 0 0 0 0 0 0 0 0 0 0 0 0 0 0 0 0 0 0 0 0 0 0 0 0 0 0 0 0 0 0 0 0 0 0 0 0 0 0 0 0 0 0 0 0 0 0 0 0 }
CLUSTER-7 {size: 1127, centroid: 0 0 0 0 0 0 0 0 0 0 0 0 0 0 0 0 0 0 0 0 0 0 0 0 0 0 0 0 0 0 0 0 0 0 0 0 0 0 0 0 0 0 0 0 0 0 0 0 0 0 0 0 0 0 0 0 0 0 0 0 0 0 0 0 0 0 0 0 0 0 0 0 0 0 0 0 0 0 0 0 0 0 0 0 0 0 0 0 0 0 0 0 0 0 0 0 0 0 0 0 0 0 0 0 0 0 0 0 0 0 0 0 0 0 0 0 0 0 0 0 0 0 0 0 0 0 0 0 0 0 0 0 0 0 0 0 0 0 0 0 0 0 0 0 0 0 0 0 0 0 0 0 0 0 0 0 0 0 0 0 0 0 0 0 0 0 0 0 0 0 0 0 4 51 15 0 0 0 0 0 0 0 0 0 0 0 0 0 0 0 0 0 0 0 0 0 0 0 0 7 113 178 132 22 0 0 0 0 0 0 0 0 0 0 0 0 0 0 0 0 0 0 0 0 0 0 0 35 184 232 192 54 0 0 0 0 0 0 0 0 0 0 0 0 0 0 0 0 0 0 0 0 0 0 0 63 222 245 206 58 0 0 0 0 0 0 0 0 0 0 0 0 0 0 0 0 0 0 0 0 0 0 0 104 236 246 171 18 0 0 0 0 0 0 0 0 0 0 0 0 0 0 0 0 0 0 0 0 0 0 8 150 252 237 124 0 0 0 0 0 0 0 0 0 0 0 0 0 0 0 0 0 0 0 0 0 0 0 62 233 252 209 47 0 0 0 0 0 0 0 0 0 0 0 0 0 0 0 0 0 0 0 0 0 0 13 170 252 246 134 0 0 0 0 0 0 0 0 0 0 0 0 0 0 0 0 0 0 0 0 0 0 0 104 250 252 217 38 0 0 0 0 0 0 0 0 0 0 0 0 0 0 0 0 0 0 0 0 0 0 46 216 253 251 127 0 0 0 0 0 0 0 0 0 0 0 0 0 0 0 0 0 0 0 0 0 0 2 153 252 253 222 34 0 0 0 0 0 0 0 0 0 0 0 0 0 0 0 0 0 0 0 0 0 0 62 233 252 252 122 0 0 0 0 0 0 0 0 0 0 0 0 0 0 0 0 0 0 0 0 0 0 0 142 251 252 206 23 0 0 0 0 0 0 0 0 0 0 0 0 0 0 0 0 0 0 0 0 0 0 45 215 252 252 110 0 0 0 0 0 0 0 0 0 0 0 0 0 0 0 0 0 0 0 0 0 0 0 130 245 252 198 25 0 0 0 0 0 0 0 0 0 0 0 0 0 0 0 0 0 0 0 0 0 0 32 204 252 250 124 0 0 0 0 0 0 0 0 0 0 0 0 0 0 0 0 0 0 0 0 0 0 0 85 226 249 208 47 0 0 0 0 0 0 0 0 0 0 0 0 0 0 0 0 0 0 0 0 0 0 0 82 210 212 121 0 0 0 0 0 0 0 0 0 0 0 0 0 0 0 0 0 0 0 0 0 0 0 0 19 108 91 4 0 0 0 0 0 0 0 0 0 0 0 0 0 0 0 0 0 0 0 0 0 0 0 0 0 0 0 0 0 0 0 0 0 0 0 0 0 0 0 0 0 0 0 0 0 0 0 0 0 0 0 0 0 0 0 0 0 0 0 0 0 0 0 0 0 0 0 0 0 0 0 0 0 0 0 0 0 0 0 0 0 0 0 0 0 0 0 0 0 0 0 0 0 0 0 0 0 0 0 0 0 0 0 0 0 0 0 0 0 0 0 }
CLUSTER-8 {size: 1535, centroid: 0 0 0 0 0 0 0 0 0 0 0 0 0 0 0 0 0 0 0 0 0 0 0 0 0 0 0 0 0 0 0 0 0 0 0 0 0 0 0 0 0 0 0 0 0 0 0 0 0 0 0 0 0 0 0 0 0 0 0 0 0 0 0 0 0 0 0 0 0 0 0 0 0 0 0 0 0 0 0 0 0 0 0 0 0 0 0 0 0 0 0 0 0 0 0 0 0 0 0 0 0 0 0 0 0 0 0 0 0 0 0 0 0 0 0 0 0 0 0 0 0 0 0 0 0 0 0 0 0 0 0 0 0 0 0 0 0 0 0 0 0 0 0 0 0 0 0 0 0 0 0 0 0 0 0 0 0 0 0 0 0 0 0 0 0 0 0 0 0 0 0 0 0 0 0 0 0 0 0 0 0 0 0 0 0 0 0 0 0 0 0 0 0 0 0 0 0 6 104 114 5 0 0 0 0 0 0 0 0 0 0 0 0 0 0 0 0 0 0 0 0 0 0 0 0 64 172 176 41 0 0 0 0 0 0 0 0 0 0 0 0 0 0 0 0 0 0 0 0 0 0 0 0 90 207 190 56 0 0 0 0 0 0 0 0 0 0 0 0 0 0 0 0 0 0 0 0 0 0 0 0 121 231 203 50 0 0 0 0 0 0 0 0 0 0 0 0 0 0 0 0 0 0 0 0 0 0 0 4 137 231 181 38 0 0 0 0 0 0 0 0 0 0 0 0 0 0 0 0 0 0 0 0 0 0 0 7 128 216 168 28 0 0 0 0 0 0 0 0 0 0 0 0 0 0 0 0 0 0 0 0 0 0 0 10 127 214 172 30 0 0 0 0 0 0 0 0 0 0 0 0 0 0 0 0 0 0 0 0 0 0 0 16 149 235 186 29 0 0 0 0 0 0 0 0 0 0 0 0 0 0 0 0 0 0 0 0 0 0 0 32 172 251 197 44 0 0 0 0 0 0 0 0 0 0 0 0 0 0 0 0 0 0 0 0 0 0 0 42 180 252 212 55 0 0 0 0 0 0 0 0 0 0 0 0 0 0 0 0 0 0 0 0 0 0 0 21 176 251 211 50 0 0 0 0 0 0 0 0 0 0 0 0 0 0 0 0 0 0 0 0 0 0 0 0 136 244 194 40 0 0 0 0 0 0 0 0 0 0 0 0 0 0 0 0 0 0 0 0 0 0 0 0 145 242 177 20 0 0 0 0 0 0 0 0 0 0 0 0 0 0 0 0 0 0 0 0 0 0 0 18 173 236 148 8 0 0 0 0 0 0 0 0 0 0 0 0 0 0 0 0 0 0 0 0 0 0 0 40 195 222 122 0 0 0 0 0 0 0 0 0 0 0 0 0 0 0 0 0 0 0 0 0 0 0 0 44 172 192 75 0 0 0 0 0 0 0 0 0 0 0 0 0 0 0 0 0 0 0 0 0 0 0 0 12 114 126 14 0 0 0 0 0 0 0 0 0 0 0 0 0 0 0 0 0 0 0 0 0 0 0 0 0 21 21 0 0 0 0 0 0 0 0 0 0 0 0 0 0 0 0 0 0 0 0 0 0 0 0 0 0 0 0 0 0 0 0 0 0 0 0 0 0 0 0 0 0 0 0 0 0 0 0 0 0 0 0 0 0 0 0 0 0 0 0 0 0 0 0 0 0 0 0 0 0 0 0 0 0 0 0 0 0 0 0 0 0 0 0 0 0 0 0 0 0 0 0 0 0 0 0 0 0 0 0 0 0 0 0 0 0 0 0 0 }
CLUSTER-9 {size: 439, centroid: 0 0 0 0 0 0 0 0 0 0 0 0 0 0 0 0 0 0 0 0 0 0 0 0 0 0 0 0 0 0 0 0 0 0 0 0 0 0 0 0 0 0 0 0 0 0 0 0 0 0 0 0 0 0 0 0 0 0 0 0 0 0 0 0 0 0 0 0 0 0 0 0 0 0 0 0 0 0 0 0 0 0 0 0 0 0 0 0 0 0 0 0 0 0 0 0 0 0 0 0 0 0 0 0 0 0 0 0 0 0 0 0 0 0 0 0 0 0 0 0 0 0 0 0 0 0 0 0 0 0 0 0 0 0 0 0 0 0 0 0 0 7 53 85 35 0 0 0 0 0 0 0 0 0 0 0 0 0 0 0 0 0 0 0 0 0 0 13 128 222 252 252 242 165 43 0 0 0 0 0 0 0 0 0 0 0 0 0 0 0 0 0 0 0 10 154 246 252 253 253 252 234 174 31 0 0 0 0 0 0 0 0 0 0 0 0 0 0 0 0 0 0 110 233 252 252 251 237 234 240 225 154 0 0 0 0 0 0 0 0 0 0 0 0 0 0 0 0 0 43 211 251 252 210 120 64 87 200 235 211 64 0 0 0 0 0 0 0 0 0 0 0 0 0 0 0 0 143 246 252 199 53 0 0 0 56 207 232 168 0 0 0 0 0 0 0 0 0 0 0 0 0 0 0 38 216 252 232 68 0 0 0 0 0 138 241 222 55 0 0 0 0 0 0 0 0 0 0 0 0 0 0 122 246 252 167 2 0 0 0 0 0 80 232 251 123 0 0 0 0 0 0 0 0 0 0 0 0 0 0 187 252 252 82 0 0 0 0 0 0 23 210 252 156 0 0 0 0 0 0 0 0 0 0 0 0 0 39 229 252 213 12 0 0 0 0 0 0 13 213 252 168 0 0 0 0 0 0 0 0 0 0 0 0 0 76 246 252 150 0 0 0 0 0 0 0 0 205 253 191 0 0 0 0 0 0 0 0 0 0 0 0 0 112 252 252 100 0 0 0 0 0 0 0 16 224 252 180 0 0 0 0 0 0 0 0 0 0 0 0 0 144 252 252 67 0 0 0 0 0 0 0 51 241 252 160 0 0 0 0 0 0 0 0 0 0 0 0 0 147 252 252 75 0 0 0 0 0 0 0 128 249 246 121 0 0 0 0 0 0 0 0 0 0 0 0 0 150 252 251 95 0 0 0 0 0 0 57 222 251 211 37 0 0 0 0 0 0 0 0 0 0 0 0 0 95 249 252 172 8 0 0 0 0 52 207 251 236 133 0 0 0 0 0 0 0 0 0 0 0 0 0 0 19 207 252 247 149 60 35 47 122 231 252 248 189 39 0 0 0 0 0 0 0 0 0 0 0 0 0 0 0 109 248 252 252 250 244 252 252 252 251 194 46 0 0 0 0 0 0 0 0 0 0 0 0 0 0 0 0 6 138 242 252 252 253 253 252 238 145 28 0 0 0 0 0 0 0 0 0 0 0 0 0 0 0 0 0 0 0 78 166 227 228 208 132 43 0 0 0 0 0 0 0 0 0 0 0 0 0 0 0 0 0 0 0 0 0 0 0 0 0 0 0 0 0 0 0 0 0 0 0 0 0 0 0 0 0 0 0 0 0 0 0 0 0 0 0 0 0 0 0 0 0 0 0 0 0 0 0 0 0 0 0 0 0 0 0 0 0 0 0 0 0 0 0 0 0 0 0 0 0 0 0 0 0 0 0 0 0 0 0 0 0 0 0 0 0 0 0 0 0 0 0 }
CLUSTER-10 {size: 717, centroid: 0 0 0 0 0 0 0 0 0 0 0 0 0 0 0 0 0 0 0 0 0 0 0 0 0 0 0 0 0 0 0 0 0 0 0 0 0 0 0 0 0 0 0 0 0 0 0 0 0 0 0 0 0 0 0 0 0 0 0 0 0 0 0 0 0 0 0 0 0 0 0 0 0 0 0 0 0 0 0 0 0 0 0 0 0 0 0 0 0 0 0 0 0 0 0 0 0 0 0 0 0 0 0 0 0 0 0 0 0 0 0 0 0 0 0 0 0 0 0 0 0 0 0 0 0 0 0 0 0 0 0 0 0 0 0 0 0 0 0 0 0 0 0 0 0 0 0 0 0 0 0 0 0 0 0 0 0 0 0 0 0 0 0 0 0 0 0 0 7 88 143 170 187 161 111 11 0 0 0 0 0 0 0 0 0 0 0 0 0 0 0 0 0 0 0 88 203 251 252 252 252 252 232 154 34 0 0 0 0 0 0 0 0 0 0 0 0 0 0 0 0 0 132 234 252 252 252 238 222 216 232 215 126 9 0 0 0 0 0 0 0 0 0 0 0 0 0 0 0 76 219 251 246 183 84 45 31 92 204 236 171 32 0 0 0 0 0 0 0 0 0 0 0 0 0 0 0 131 222 229 143 18 0 0 0 75 211 236 175 18 0 0 0 0 0 0 0 0 0 0 0 0 0 0 0 127 201 179 39 0 0 0 24 173 236 219 117 0 0 0 0 0 0 0 0 0 0 0 0 0 0 0 0 63 191 167 39 0 0 21 164 239 238 178 27 0 0 0 0 0 0 0 0 0 0 0 0 0 0 0 0 15 140 179 140 87 101 193 247 249 208 56 0 0 0 0 0 0 0 0 0 0 0 0 0 0 0 0 0 0 53 188 226 239 252 252 252 227 79 0 0 0 0 0 0 0 0 0 0 0 0 0 0 0 0 0 0 0 13 162 252 253 253 253 250 121 0 0 0 0 0 0 0 0 0 0 0 0 0 0 0 0 0 0 0 0 5 170 252 253 253 253 226 56 0 0 0 0 0 0 0 0 0 0 0 0 0 0 0 0 0 0 0 0 47 203 252 252 252 244 200 64 0 0 0 0 0 0 0 0 0 0 0 0 0 0 0 0 0 0 0 0 131 229 236 214 166 191 190 103 0 0 0 0 0 0 0 0 0 0 0 0 0 0 0 0 0 0 0 51 178 217 168 47 40 119 187 158 18 0 0 0 0 0 0 0 0 0 0 0 0 0 0 0 0 0 0 124 212 177 49 0 2 105 196 177 54 0 0 0 0 0 0 0 0 0 0 0 0 0 0 0 0 0 2 151 207 141 30 5 51 159 228 194 53 0 0 0 0 0 0 0 0 0 0 0 0 0 0 0 0 0 19 169 204 190 137 141 207 242 235 183 17 0 0 0 0 0 0 0 0 0 0 0 0 0 0 0 0 0 11 168 233 248 252 252 252 249 209 84 0 0 0 0 0 0 0 0 0 0 0 0 0 0 0 0 0 0 0 82 223 252 252 252 245 191 73 0 0 0 0 0 0 0 0 0 0 0 0 0 0 0 0 0 0 0 0 0 12 105 134 128 58 0 0 0 0 0 0 0 0 0 0 0 0 0 0 0 0 0 0 0 0 0 0 0 0 0 0 0 0 0 0 0 0 0 0 0 0 0 0 0 0 0 0 0 0 0 0 0 0 0 0 0 0 0 0 0 0 0 0 0 0 0 0 0 0 0 0 0 0 0 0 0 0 0 0 0 0 0 0 0 0 0 }
clustering_time: 22
Silhouette: [0.113951, 0.14022, 0.153939, 0.262606, 0.146577, 0.134144, 0.205003, 0.189865, 0.218902, 0.136182, 0.165105]
Value of Objective Function: 1.91426e+08

CLASSES AS CLUSTERS
Silhouette: [-0.00101317, 0.623659, 0.205792, 0.262212, 0.33201, 0.171476, 0.249574, 0.387368, 0.244997, 0.357326, 0.289775]
Value of Objective Function: 1.93958e+08

