NEW SPACE
CLUSTER-1 {size: 8519, centroid: 5151 10950 5645 5112 1696 9079 9997 7870 4300 4640 }
CLUSTER-2 {size: 5797, centroid: 9381 9217 4786 6404 11218 10768 9954 5778 5748 4733 }
CLUSTER-3 {size: 8197, centroid: 8792 4067 7780 2673 3466 8926 2403 3442 8221 6033 }
CLUSTER-4 {size: 4851, centroid: 7452 5774 566 6511 3707 12864 5074 12702 5423 7392 }
CLUSTER-5 {size: 6618, centroid: 10275 7689 6852 6500 4652 14664 6912 9882 3581 4300 }
CLUSTER-6 {size: 6919, centroid: 11006 8243 5566 7901 9082 13743 9812 8762 7176 8926 }
CLUSTER-7 {size: 3610, centroid: 7549 4948 10806 7261 10085 10186 3284 2275 2393 3168 }
CLUSTER-8 {size: 7252, centroid: 6753 8804 9815 10238 9641 9174 8589 4768 6257 4561 }
CLUSTER-9 {size: 4835, centroid: 9080 7248 6124 8399 9314 7597 3907 1193 3609 5441 }
CLUSTER-10 {size: 3402, centroid: 11528 4954 383 11917 8024 14287 15542 12455 9669 4902 }
clustering_time: 0
Value of Objective Function: 1.46551e+09

ORIGINAL SPACE
CLUSTER-1 {size: 7835, centroid: 0 0 0 0 0 0 0 0 0 0 0 0 0 0 0 0 0 0 0 0 0 0 0 0 0 0 0 0 0 0 0 0 0 0 0 0 0 0 0 0 0 0 0 0 0 0 0 0 0 0 0 0 0 0 0 0 0 0 0 0 0 0 0 0 0 0 0 0 0 0 0 0 0 0 0 0 0 0 0 0 0 0 0 0 0 0 0 0 0 0 0 0 0 0 0 0 0 0 0 0 0 0 0 0 0 0 0 0 0 0 0 0 0 0 0 0 0 0 0 0 0 0 0 0 0 0 0 0 0 0 0 0 0 0 0 0 0 0 0 0 0 0 0 0 0 0 0 0 0 0 0 0 0 0 0 0 0 0 0 0 0 0 0 0 0 0 0 0 0 0 0 0 0 0 0 0 0 0 0 0 0 0 0 0 0 0 0 0 0 0 0 0 0 0 0 0 0 0 0 0 35 112 135 54 0 0 0 0 0 0 0 0 0 0 0 0 0 0 0 0 0 0 0 0 63 98 57 42 113 203 224 137 3 0 0 0 0 0 0 0 0 0 0 0 0 0 0 0 0 0 0 81 161 111 23 22 93 214 235 160 6 0 0 0 0 0 0 0 0 0 0 0 0 0 0 0 0 0 23 152 149 27 0 0 65 213 226 134 0 0 0 0 0 0 0 0 0 0 0 0 0 0 0 0 0 0 76 172 59 0 0 0 104 228 213 82 0 0 0 0 0 0 0 0 0 0 0 0 0 0 0 0 0 0 120 131 5 0 0 44 209 238 185 31 0 0 0 0 0 0 0 0 0 0 0 0 0 0 0 0 0 1 131 64 0 0 42 186 248 238 131 0 0 0 0 0 0 0 0 0 0 0 0 0 0 0 0 0 0 0 94 52 25 87 202 252 252 224 64 0 0 0 0 0 0 0 0 0 0 0 0 0 0 0 0 0 0 0 61 74 132 226 252 253 251 146 9 0 0 0 0 0 0 0 0 0 0 0 0 0 0 0 0 0 0 0 20 92 200 252 253 252 202 39 0 0 0 0 0 0 0 0 0 0 0 0 0 0 0 0 0 0 0 0 0 81 203 252 252 234 96 0 0 0 0 0 0 0 0 0 0 0 0 0 0 0 0 0 0 0 0 0 0 82 215 243 235 169 19 0 0 0 0 0 0 0 0 0 0 0 0 0 0 0 0 0 0 0 0 0 3 130 222 224 198 83 0 0 0 0 0 0 0 0 0 0 0 0 0 0 0 0 0 0 0 0 0 0 54 199 224 204 139 25 0 0 0 0 0 0 0 0 0 0 0 0 0 0 0 0 0 0 0 0 0 0 139 224 222 179 86 0 0 0 0 0 0 0 0 0 0 0 0 0 0 0 0 0 0 0 0 0 0 21 181 222 203 136 35 0 0 0 0 0 0 0 0 0 0 0 0 0 0 0 0 0 0 0 0 0 0 35 183 206 164 61 0 0 0 0 0 0 0 0 0 0 0 0 0 0 0 0 0 0 0 0 0 0 0 21 128 142 77 0 0 0 0 0 0 0 0 0 0 0 0 0 0 0 0 0 0 0 0 0 0 0 0 0 0 0 0 0 0 0 0 0 0 0 0 0 0 0 0 0 0 0 0 0 0 0 0 0 0 0 0 0 0 0 0 0 0 0 0 0 0 0 0 0 0 0 0 0 0 0 0 0 0 0 0 0 0 0 0 0 0 0 0 0 0 0 0 0 0 0 0 0 0 0 0 0 0 0 0 0 0 0 0 0 0 0 0 0 0 0 }
CLUSTER-2 {size: 3754, centroid: 0 0 0 0 0 0 0 0 0 0 0 0 0 0 0 0 0 0 0 0 0 0 0 0 0 0 0 0 0 0 0 0 0 0 0 0 0 0 0 0 0 0 0 0 0 0 0 0 0 0 0 0 0 0 0 0 0 0 0 0 0 0 0 0 0 0 0 0 0 0 0 0 0 0 0 0 0 0 0 0 0 0 0 0 0 0 0 0 0 0 0 0 0 0 0 0 0 0 0 0 0 0 0 0 0 0 0 0 0 0 0 0 0 0 0 0 0 0 0 0 0 0 0 0 0 0 0 0 0 0 0 0 0 0 0 0 0 0 0 0 0 0 0 0 0 0 0 0 0 0 0 0 0 0 0 0 0 0 0 0 0 0 0 0 0 0 0 0 27 113 182 216 228 196 128 36 0 0 0 0 0 0 0 0 0 0 0 0 0 0 0 0 0 0 0 85 200 248 252 253 252 252 250 206 85 0 0 0 0 0 0 0 0 0 0 0 0 0 0 0 0 2 121 224 251 252 252 252 252 252 252 251 215 76 0 0 0 0 0 0 0 0 0 0 0 0 0 0 0 116 226 251 252 251 237 205 193 203 238 251 251 198 35 0 0 0 0 0 0 0 0 0 0 0 0 0 79 217 252 252 243 168 80 38 27 44 114 220 251 245 142 0 0 0 0 0 0 0 0 0 0 0 0 27 192 251 252 228 114 15 0 0 0 0 0 95 234 251 221 31 0 0 0 0 0 0 0 0 0 0 0 136 245 252 233 96 0 0 0 0 0 0 0 9 186 251 247 93 0 0 0 0 0 0 0 0 0 0 45 223 252 250 119 0 0 0 0 0 0 0 0 0 128 251 251 128 0 0 0 0 0 0 0 0 0 0 134 251 252 198 20 0 0 0 0 0 0 0 0 0 113 251 251 142 0 0 0 0 0 0 0 0 0 4 204 252 251 101 0 0 0 0 0 0 0 0 0 0 125 252 251 130 0 0 0 0 0 0 0 0 0 58 239 252 226 25 0 0 0 0 0 0 0 0 0 0 176 252 244 95 0 0 0 0 0 0 0 0 0 101 251 252 193 0 0 0 0 0 0 0 0 0 0 57 237 251 215 36 0 0 0 0 0 0 0 0 0 118 251 252 178 0 0 0 0 0 0 0 0 0 18 192 251 244 143 0 0 0 0 0 0 0 0 0 0 101 251 252 205 17 0 0 0 0 0 0 0 26 181 250 251 198 35 0 0 0 0 0 0 0 0 0 0 63 240 252 250 123 0 0 0 0 0 0 82 207 251 251 219 82 0 0 0 0 0 0 0 0 0 0 0 3 190 252 252 247 172 106 83 89 129 202 246 251 251 222 97 0 0 0 0 0 0 0 0 0 0 0 0 0 58 222 252 252 252 251 251 251 252 252 252 248 196 65 0 0 0 0 0 0 0 0 0 0 0 0 0 0 0 69 206 251 252 252 252 252 252 249 214 120 19 0 0 0 0 0 0 0 0 0 0 0 0 0 0 0 0 0 15 98 154 202 215 190 141 83 12 0 0 0 0 0 0 0 0 0 0 0 0 0 0 0 0 0 0 0 0 0 0 0 0 0 0 0 0 0 0 0 0 0 0 0 0 0 0 0 0 0 0 0 0 0 0 0 0 0 0 0 0 0 0 0 0 0 0 0 0 0 0 0 0 0 0 0 0 0 0 0 0 0 0 0 0 0 0 0 0 0 0 0 0 0 0 0 0 0 0 0 0 0 0 0 0 0 0 0 0 0 0 0 0 0 0 0 }
CLUSTER-3 {size: 6737, centroid: 0 0 0 0 0 0 0 0 0 0 0 0 0 0 0 0 0 0 0 0 0 0 0 0 0 0 0 0 0 0 0 0 0 0 0 0 0 0 0 0 0 0 0 0 0 0 0 0 0 0 0 0 0 0 0 0 0 0 0 0 0 0 0 0 0 0 0 0 0 0 0 0 0 0 0 0 0 0 0 0 0 0 0 0 0 0 0 0 0 0 0 0 0 0 0 0 0 0 0 0 0 0 0 0 0 0 0 0 0 0 0 0 0 0 0 0 0 0 0 0 0 0 0 0 0 0 0 0 0 0 0 0 0 0 0 0 0 0 0 0 0 0 0 0 0 0 0 0 0 0 0 0 0 0 0 0 0 0 0 0 0 0 0 0 0 0 0 0 0 0 2 29 43 34 10 0 0 0 0 0 0 0 0 0 0 0 0 0 0 0 0 0 0 0 0 0 14 82 143 183 199 200 181 125 42 0 0 0 0 0 0 0 0 0 0 0 0 0 0 0 0 0 0 12 83 151 193 218 231 231 221 187 101 0 0 0 0 0 0 0 0 0 0 0 0 0 0 0 0 0 0 57 153 193 202 199 209 211 194 144 49 0 0 0 0 0 0 0 0 0 0 0 0 0 0 0 0 0 18 139 198 185 137 124 130 128 98 37 0 0 0 0 0 0 0 0 0 0 0 0 0 0 0 0 0 0 96 206 198 128 75 63 63 33 5 0 0 0 0 0 0 0 0 0 0 0 0 0 0 0 0 0 0 25 183 224 189 123 80 55 33 0 0 0 0 0 0 0 0 0 0 0 0 0 0 0 0 0 0 0 0 90 223 229 204 175 146 113 55 0 0 0 0 0 0 0 0 0 0 0 0 0 0 0 0 0 0 0 0 110 212 217 211 206 194 162 102 18 0 0 0 0 0 0 0 0 0 0 0 0 0 0 0 0 0 0 0 42 128 139 138 147 146 152 137 73 4 0 0 0 0 0 0 0 0 0 0 0 0 0 0 0 0 0 0 0 4 9 3 3 21 75 139 131 56 0 0 0 0 0 0 0 0 0 0 0 0 0 0 0 0 0 0 0 0 0 0 0 0 9 112 156 124 7 0 0 0 0 0 0 0 0 0 0 0 0 0 0 0 0 0 0 0 0 0 0 0 0 106 177 166 27 0 0 0 0 0 0 0 0 0 0 0 0 0 0 0 0 0 0 0 0 0 0 0 9 140 209 173 21 0 0 0 0 0 0 0 0 0 0 0 0 0 0 0 0 0 0 0 0 0 0 0 86 198 222 141 0 0 0 0 0 0 0 0 0 0 0 0 0 0 0 0 0 9 0 0 0 0 0 83 206 233 203 64 0 0 0 0 0 0 0 0 0 0 0 0 0 0 0 0 7 95 124 91 57 69 139 223 243 226 122 0 0 0 0 0 0 0 0 0 0 0 0 0 0 0 0 0 0 98 187 213 217 226 245 249 232 134 5 0 0 0 0 0 0 0 0 0 0 0 0 0 0 0 0 0 0 4 101 177 219 233 229 191 93 0 0 0 0 0 0 0 0 0 0 0 0 0 0 0 0 0 0 0 0 0 0 0 0 4 6 0 0 0 0 0 0 0 0 0 0 0 0 0 0 0 0 0 0 0 0 0 0 0 0 0 0 0 0 0 0 0 0 0 0 0 0 0 0 0 0 0 0 0 0 0 0 0 0 0 0 0 0 0 0 0 0 0 0 0 0 0 0 0 0 0 0 0 0 0 0 0 0 0 0 0 0 0 0 0 0 0 0 }
CLUSTER-4 {size: 13615, centroid: 0 0 0 0 0 0 0 0 0 0 0 0 0 0 0 0 0 0 0 0 0 0 0 0 0 0 0 0 0 0 0 0 0 0 0 0 0 0 0 0 0 0 0 0 0 0 0 0 0 0 0 0 0 0 0 0 0 0 0 0 0 0 0 0 0 0 0 0 0 0 0 0 0 0 0 0 0 0 0 0 0 0 0 0 0 0 0 0 0 0 0 0 0 0 0 0 0 0 0 0 0 0 0 0 0 0 0 0 0 0 0 0 0 0 0 0 0 0 0 0 0 0 0 0 0 0 0 0 0 0 0 0 0 0 0 0 0 0 0 0 0 0 0 7 13 0 0 0 0 0 0 0 0 0 0 0 0 0 0 0 0 0 0 0 0 0 0 0 0 0 79 143 142 60 0 0 0 0 0 0 0 0 0 0 0 0 0 0 0 0 0 0 0 0 0 0 0 29 134 183 158 55 0 0 0 0 0 0 0 0 0 0 0 0 0 0 0 0 0 0 0 0 0 0 0 53 150 171 111 15 0 0 0 0 0 0 0 0 0 0 0 0 0 0 0 0 0 0 0 0 0 0 0 73 156 142 48 0 0 0 0 0 0 0 0 0 0 0 0 0 0 0 0 0 0 0 0 0 0 0 0 91 143 107 13 0 0 0 0 0 0 0 0 0 0 0 0 0 0 0 0 0 0 0 0 0 0 0 11 98 126 65 0 0 0 0 0 0 0 0 0 0 0 0 0 0 0 0 0 0 0 0 0 0 0 0 21 83 97 41 0 0 0 0 0 0 0 0 0 0 0 0 0 0 0 0 0 0 0 0 0 0 0 0 21 70 82 52 2 0 0 0 0 0 0 0 0 0 0 0 0 0 0 0 0 0 0 0 0 0 0 0 24 76 121 106 28 0 0 0 0 0 0 0 0 0 0 0 0 0 0 0 0 0 0 0 0 0 0 3 32 117 191 152 62 13 0 0 0 0 0 0 0 0 0 0 0 0 0 0 0 0 0 0 0 0 0 17 59 161 227 177 82 30 0 0 0 0 0 0 0 0 0 0 0 0 0 0 0 0 0 0 0 0 7 27 85 192 233 179 76 29 7 0 0 0 0 0 0 0 0 0 0 0 0 0 0 0 0 0 0 0 13 43 109 203 228 165 74 37 16 0 0 0 0 0 0 0 0 0 0 0 0 0 0 0 0 0 0 0 25 78 139 212 226 173 109 62 11 0 0 0 0 0 0 0 0 0 0 0 0 0 0 0 0 0 0 0 66 131 193 231 232 194 121 38 0 0 0 0 0 0 0 0 0 0 0 0 0 0 0 0 0 0 0 0 89 179 222 237 228 169 59 0 0 0 0 0 0 0 0 0 0 0 0 0 0 0 0 0 0 0 0 0 41 130 184 195 159 64 0 0 0 0 0 0 0 0 0 0 0 0 0 0 0 0 0 0 0 0 0 0 0 0 25 40 2 0 0 0 0 0 0 0 0 0 0 0 0 0 0 0 0 0 0 0 0 0 0 0 0 0 0 0 0 0 0 0 0 0 0 0 0 0 0 0 0 0 0 0 0 0 0 0 0 0 0 0 0 0 0 0 0 0 0 0 0 0 0 0 0 0 0 0 0 0 0 0 0 0 0 0 0 0 0 0 0 0 0 0 0 0 0 0 0 0 0 0 0 0 0 0 0 0 0 0 0 0 0 0 0 0 0 0 0 0 0 0 0 0 0 0 0 0 0 0 0 0 0 0 0 0 0 0 0 0 0 0 0 0 0 0 0 0 }
CLUSTER-5 {size: 3552, centroid: 0 0 0 0 0 0 0 0 0 0 0 0 0 0 0 0 0 0 0 0 0 0 0 0 0 0 0 0 0 0 0 0 0 0 0 0 0 0 0 0 0 0 0 0 0 0 0 0 0 0 0 0 0 0 0 0 0 0 0 0 0 0 0 0 0 0 0 0 0 0 0 0 0 0 0 0 0 0 0 0 0 0 0 0 0 0 0 0 0 0 0 0 0 0 0 0 0 0 0 0 0 0 0 0 0 0 0 0 0 0 0 0 0 0 0 0 0 0 0 0 0 0 0 0 0 0 0 0 0 0 0 0 0 0 0 0 0 0 0 0 0 0 0 0 0 0 0 0 0 0 0 0 0 0 0 0 0 0 0 0 0 0 0 0 0 0 0 0 0 0 0 15 51 63 47 16 0 0 0 0 0 0 0 0 0 0 0 0 0 0 0 0 0 0 0 0 5 66 143 183 210 218 215 185 128 41 0 0 0 0 0 0 0 0 0 0 0 0 0 0 0 0 0 21 127 194 213 203 180 179 195 201 179 130 42 0 0 0 0 0 0 0 0 0 0 0 0 0 0 0 8 124 193 186 119 45 19 23 57 128 189 190 91 0 0 0 0 0 0 0 0 0 0 0 0 0 0 0 59 149 138 53 0 0 0 0 9 109 212 205 78 0 0 0 0 0 0 0 0 0 0 0 0 0 0 0 76 103 33 0 0 0 0 0 52 185 233 184 21 0 0 0 0 0 0 0 0 0 0 0 0 0 0 0 55 35 0 0 0 0 0 47 179 233 218 83 0 0 0 0 0 0 0 0 0 0 0 0 0 0 0 0 18 9 0 0 0 6 98 198 235 213 107 0 0 0 0 0 0 0 0 0 0 0 0 0 0 0 0 0 4 15 26 61 98 175 228 233 191 76 0 0 0 0 0 0 0 0 0 0 0 0 0 0 0 0 0 0 12 66 155 222 245 246 231 157 41 0 0 0 0 0 0 0 0 0 0 0 0 0 0 0 0 0 0 0 66 170 246 252 252 229 139 20 0 0 0 0 0 0 0 0 0 0 0 0 0 0 0 0 0 0 0 42 142 229 250 246 215 144 38 0 0 0 0 0 0 0 0 0 0 0 0 0 0 0 0 0 0 0 27 130 201 224 200 151 129 96 13 0 0 0 0 0 0 0 0 0 0 0 0 0 0 0 0 0 0 0 101 186 188 126 56 49 88 91 19 0 0 0 0 0 0 0 0 0 0 0 0 0 0 0 0 0 0 51 180 196 121 22 6 31 105 108 26 0 0 0 0 0 0 0 0 0 0 0 0 0 0 0 0 0 0 114 211 178 55 5 9 67 139 109 17 0 0 0 0 0 0 0 0 0 0 0 0 0 0 0 0 0 0 128 213 169 68 34 85 170 165 84 0 0 0 0 0 0 0 0 0 0 0 0 0 0 0 0 0 0 0 83 188 184 145 147 191 192 124 11 0 0 0 0 0 0 0 0 0 0 0 0 0 0 0 0 0 0 0 0 79 133 165 197 188 119 10 0 0 0 0 0 0 0 0 0 0 0 0 0 0 0 0 0 0 0 0 0 0 0 0 6 0 0 0 0 0 0 0 0 0 0 0 0 0 0 0 0 0 0 0 0 0 0 0 0 0 0 0 0 0 0 0 0 0 0 0 0 0 0 0 0 0 0 0 0 0 0 0 0 0 0 0 0 0 0 0 0 0 0 0 0 0 0 0 0 0 0 0 0 0 0 0 0 0 0 0 0 0 0 0 0 0 0 0 0 }
CLUSTER-6 {size: 12126, centroid: 0 0 0 0 0 0 0 0 0 0 0 0 0 0 0 0 0 0 0 0 0 0 0 0 0 0 0 0 0 0 0 0 0 0 0 0 0 0 0 0 0 0 0 0 0 0 0 0 0 0 0 0 0 0 0 0 0 0 0 0 0 0 0 0 0 0 0 0 0 0 0 0 0 0 0 0 0 0 0 0 0 0 0 0 0 0 0 0 0 0 0 0 0 0 0 0 0 0 0 0 0 0 0 0 0 0 0 0 0 0 0 0 0 0 0 0 0 0 0 0 0 0 0 0 0 0 0 0 0 0 0 0 0 0 0 0 0 0 0 0 0 0 0 0 0 0 0 0 0 0 0 0 0 0 0 0 0 0 0 0 0 0 0 0 0 0 0 0 0 0 0 0 0 0 0 0 0 0 0 0 0 0 0 0 0 0 0 0 0 0 0 0 0 0 0 3 11 0 0 0 0 0 0 0 0 0 0 0 0 0 0 0 0 0 0 0 0 0 0 0 0 19 102 146 145 123 89 79 75 53 10 0 0 0 0 0 0 0 0 0 0 0 0 0 0 0 0 0 14 130 196 193 136 63 27 44 101 120 84 3 0 0 0 0 0 0 0 0 0 0 0 0 0 0 0 0 70 181 195 124 20 0 0 0 51 141 139 50 0 0 0 0 0 0 0 0 0 0 0 0 0 0 0 0 103 174 124 11 0 0 0 0 32 157 178 83 0 0 0 0 0 0 0 0 0 0 0 0 0 0 0 0 111 140 35 0 0 0 0 0 56 191 197 84 0 0 0 0 0 0 0 0 0 0 0 0 0 0 0 0 113 99 0 0 0 0 0 0 116 218 199 60 0 0 0 0 0 0 0 0 0 0 0 0 0 0 0 0 103 78 0 0 0 0 0 51 181 232 182 27 0 0 0 0 0 0 0 0 0 0 0 0 0 0 0 0 94 89 18 0 0 4 59 151 224 236 153 5 0 0 0 0 0 0 0 0 0 0 0 0 0 0 0 0 67 106 70 51 78 119 160 203 239 234 128 0 0 0 0 0 0 0 0 0 0 0 0 0 0 0 0 0 7 58 69 79 101 123 146 196 236 220 107 0 0 0 0 0 0 0 0 0 0 0 0 0 0 0 0 0 0 0 0 4 7 17 52 148 220 197 80 0 0 0 0 0 0 0 0 0 0 0 0 0 0 0 0 0 0 0 0 0 0 0 2 106 195 173 64 0 0 0 0 0 0 0 0 0 0 0 0 0 0 0 0 0 0 0 0 0 0 0 0 99 177 155 53 0 0 0 0 0 0 0 0 0 0 0 0 0 0 0 0 0 0 0 0 0 0 0 0 107 164 136 36 0 0 0 0 0 0 0 0 0 0 0 0 0 0 0 0 0 0 0 0 0 0 0 13 109 138 109 10 0 0 0 0 0 0 0 0 0 0 0 0 0 0 0 0 0 0 0 0 0 0 0 14 86 102 52 0 0 0 0 0 0 0 0 0 0 0 0 0 0 0 0 0 0 0 0 0 0 0 0 2 51 46 0 0 0 0 0 0 0 0 0 0 0 0 0 0 0 0 0 0 0 0 0 0 0 0 0 0 0 0 0 0 0 0 0 0 0 0 0 0 0 0 0 0 0 0 0 0 0 0 0 0 0 0 0 0 0 0 0 0 0 0 0 0 0 0 0 0 0 0 0 0 0 0 0 0 0 0 0 0 0 0 0 0 0 0 0 0 0 0 0 0 0 0 0 0 0 0 0 0 0 0 0 0 0 0 0 0 0 }
CLUSTER-7 {size: 4999, centroid: 0 0 0 0 0 0 0 0 0 0 0 0 0 0 0 0 0 0 0 0 0 0 0 0 0 0 0 0 0 0 0 0 0 0 0 0 0 0 0 0 0 0 0 0 0 0 0 0 0 0 0 0 0 0 0 0 0 0 0 0 0 0 0 0 0 0 0 0 0 0 0 0 0 0 0 0 0 0 0 0 0 0 0 0 0 0 0 0 0 0 0 0 0 0 0 0 0 0 0 0 0 0 0 0 0 0 0 0 0 0 0 0 0 0 0 0 0 0 0 0 0 0 0 0 0 0 0 0 0 0 0 0 0 0 0 0 0 0 0 0 0 0 0 0 0 0 0 0 0 0 0 0 0 0 0 0 0 0 0 0 0 0 0 0 0 0 0 0 0 0 0 0 0 0 0 0 0 0 0 0 0 0 0 0 0 0 0 0 0 0 0 0 0 0 0 0 0 0 0 0 0 0 0 0 0 0 0 0 0 0 0 0 0 0 0 0 0 0 0 0 0 0 0 0 3 25 50 76 105 118 125 114 57 0 0 0 0 0 0 0 0 0 0 0 0 0 0 0 0 62 123 167 210 236 250 252 252 252 252 252 226 94 0 0 0 0 0 0 0 0 0 0 0 0 0 23 135 218 250 252 252 252 252 252 251 252 252 252 252 157 0 0 0 0 0 0 0 0 0 0 0 0 0 65 171 230 250 251 231 192 147 117 108 151 244 252 252 128 0 0 0 0 0 0 0 0 0 0 0 0 0 31 114 170 164 101 31 0 0 0 0 79 239 252 236 62 0 0 0 0 0 0 0 0 0 0 0 0 0 0 23 27 0 0 0 0 0 0 0 141 252 252 179 0 0 0 0 0 0 0 0 0 0 0 0 0 0 0 0 0 0 0 0 0 0 0 58 235 252 238 66 0 0 0 0 0 0 0 0 0 0 0 0 0 0 0 0 0 0 0 0 0 0 14 191 252 252 148 0 0 0 0 0 0 0 0 0 0 0 0 0 0 0 0 0 0 0 0 0 0 0 125 252 252 213 30 0 0 0 0 0 0 0 0 0 0 0 0 0 0 0 0 0 0 0 0 0 0 60 238 252 244 95 0 0 0 0 0 0 0 0 0 0 0 0 0 0 0 0 0 0 0 0 0 0 9 191 253 252 161 0 0 0 0 0 0 0 0 0 0 0 0 0 0 0 0 0 0 0 0 0 0 0 118 252 252 212 31 0 0 0 0 0 0 0 0 0 0 0 0 0 0 0 0 0 0 0 0 0 0 55 235 252 238 77 0 0 0 0 0 0 0 0 0 0 0 0 0 0 0 0 0 0 0 0 0 0 12 190 252 249 134 0 0 0 0 0 0 0 0 0 0 0 0 0 0 0 0 0 0 0 0 0 0 0 121 243 250 184 16 0 0 0 0 0 0 0 0 0 0 0 0 0 0 0 0 0 0 0 0 0 0 43 211 243 205 51 0 0 0 0 0 0 0 0 0 0 0 0 0 0 0 0 0 0 0 0 0 0 0 128 219 211 100 0 0 0 0 0 0 0 0 0 0 0 0 0 0 0 0 0 0 0 0 0 0 0 14 152 191 127 6 0 0 0 0 0 0 0 0 0 0 0 0 0 0 0 0 0 0 0 0 0 0 0 9 95 87 17 0 0 0 0 0 0 0 0 0 0 0 0 0 0 0 0 0 0 0 0 0 0 0 0 0 0 0 0 0 0 0 0 0 0 0 0 0 0 0 0 0 0 0 0 0 0 0 0 0 0 0 0 0 0 0 }
CLUSTER-8 {size: 1738, centroid: 0 0 0 0 0 0 0 0 0 0 0 0 0 0 0 0 0 0 0 0 0 0 0 0 0 0 0 0 0 0 0 0 0 0 0 0 0 0 0 0 0 0 0 0 0 0 0 0 0 0 0 0 0 0 0 0 0 0 0 0 0 0 0 0 0 0 0 0 0 0 0 0 0 0 0 0 0 0 0 0 0 0 0 0 0 0 0 0 0 0 0 0 0 0 0 0 0 0 0 0 0 0 0 0 0 0 0 0 0 0 0 0 0 0 0 0 0 0 0 0 0 0 0 0 0 0 0 0 0 0 0 0 0 0 0 0 0 0 0 0 0 0 0 0 0 0 0 0 0 0 0 0 0 0 0 0 0 0 0 0 0 0 0 0 0 0 43 107 136 146 155 152 133 105 38 0 0 0 0 0 0 0 0 0 0 0 0 0 0 0 0 0 57 169 237 252 252 252 252 252 252 236 179 56 0 0 0 0 0 0 0 0 0 0 0 0 0 0 0 51 202 251 252 252 251 241 232 227 225 214 170 68 0 0 0 0 0 0 0 0 0 0 0 0 0 0 0 147 236 248 216 139 84 47 28 28 46 58 47 10 0 0 0 0 0 0 0 0 0 0 0 0 0 0 19 169 231 202 86 0 0 0 0 0 0 0 0 0 0 0 0 0 0 0 0 0 0 0 0 0 0 0 20 172 215 143 21 0 0 0 0 0 0 0 0 0 0 0 0 0 0 0 0 0 0 0 0 0 0 0 13 170 218 168 74 37 34 61 85 86 85 73 36 4 0 0 0 0 0 0 0 0 0 0 0 0 0 0 11 180 235 219 195 184 196 208 222 227 221 207 159 99 29 0 0 0 0 0 0 0 0 0 0 0 0 0 0 144 228 236 228 218 217 206 194 182 183 203 218 199 133 27 0 0 0 0 0 0 0 0 0 0 0 0 0 74 163 186 154 119 82 41 15 1 10 56 143 205 207 150 18 0 0 0 0 0 0 0 0 0 0 0 0 0 41 38 5 0 0 0 0 0 0 0 0 116 196 209 109 0 0 0 0 0 0 0 0 0 0 0 0 0 0 0 0 0 0 0 0 0 0 0 0 9 145 218 164 0 0 0 0 0 0 0 0 0 0 0 0 0 0 0 0 0 0 0 0 0 0 0 0 0 125 218 196 19 0 0 0 0 0 0 0 0 0 0 0 0 0 0 0 0 0 0 0 0 0 0 0 0 141 232 198 21 0 0 0 0 0 0 0 0 0 0 0 0 0 0 0 0 0 0 0 0 0 0 0 48 211 240 184 0 0 0 0 0 0 0 0 0 0 0 0 0 52 92 52 0 0 0 0 0 0 0 63 206 250 237 111 0 0 0 0 0 0 0 0 0 0 0 0 0 83 176 194 153 89 47 31 47 90 162 236 252 246 163 8 0 0 0 0 0 0 0 0 0 0 0 0 0 29 158 228 245 245 245 244 251 252 252 252 238 148 13 0 0 0 0 0 0 0 0 0 0 0 0 0 0 0 20 128 207 248 252 252 252 252 227 153 58 0 0 0 0 0 0 0 0 0 0 0 0 0 0 0 0 0 0 0 0 30 103 117 87 32 0 0 0 0 0 0 0 0 0 0 0 0 0 0 0 0 0 0 0 0 0 0 0 0 0 0 0 0 0 0 0 0 0 0 0 0 0 0 0 0 0 0 0 0 0 0 0 0 0 0 0 0 0 0 0 0 0 0 0 0 0 0 0 0 0 0 0 0 0 0 0 0 0 0 0 0 0 0 0 }
CLUSTER-9 {size: 4166, centroid: 0 0 0 0 0 0 0 0 0 0 0 0 0 0 0 0 0 0 0 0 0 0 0 0 0 0 0 0 0 0 0 0 0 0 0 0 0 0 0 0 0 0 0 0 0 0 0 0 0 0 0 0 0 0 0 0 0 0 0 0 0 0 0 0 0 0 0 0 0 0 0 0 0 0 0 0 0 0 0 0 0 0 0 0 0 0 0 0 0 0 0 0 0 0 0 0 0 0 0 0 0 0 0 0 0 0 0 0 0 0 0 0 0 0 0 0 0 0 0 0 0 0 0 0 0 0 0 0 0 0 0 0 0 0 0 0 0 0 0 46 96 111 70 16 0 0 0 0 0 0 0 0 0 0 0 0 0 0 0 0 0 0 0 0 24 131 218 251 252 252 252 236 157 41 0 0 0 0 0 0 0 0 0 0 0 0 0 0 0 0 0 10 138 227 251 252 252 252 252 252 240 167 16 0 0 0 0 0 0 0 0 0 0 0 0 0 0 0 0 8 106 177 196 189 171 162 190 224 233 195 53 0 0 0 0 0 0 0 0 0 0 0 0 0 0 0 0 0 10 46 41 19 0 0 29 125 197 185 65 0 0 0 0 0 0 0 0 0 0 0 0 0 0 0 0 0 0 0 0 0 0 0 5 101 187 181 62 0 0 0 0 0 0 0 0 0 0 0 0 0 0 0 0 0 0 0 0 0 0 4 77 178 214 173 41 0 0 0 0 0 0 0 0 0 0 0 0 0 0 0 0 0 0 0 0 35 70 139 214 245 237 162 29 0 0 0 0 0 0 0 0 0 0 0 0 0 0 0 0 0 0 0 103 175 216 251 252 252 250 183 64 0 0 0 0 0 0 0 0 0 0 0 0 0 0 0 0 0 0 36 176 238 252 252 253 252 251 225 149 30 0 0 0 0 0 0 0 0 0 0 0 0 0 0 0 0 0 31 155 207 235 248 244 230 215 216 212 151 16 0 0 0 0 0 0 0 0 0 0 0 0 0 0 0 0 0 63 108 114 94 63 45 55 125 203 221 129 0 0 0 0 0 0 0 0 0 0 0 0 0 0 0 0 0 0 5 0 0 0 0 0 7 138 230 203 35 0 0 0 0 0 0 0 0 0 0 0 0 0 0 0 0 0 0 0 0 0 0 0 0 98 234 228 81 0 0 0 0 0 0 0 0 0 0 0 0 0 0 0 0 0 0 0 0 0 0 0 0 136 250 237 109 0 0 0 0 0 0 0 0 0 0 0 0 0 0 0 43 80 33 0 0 0 0 4 109 233 252 238 94 0 0 0 0 0 0 0 0 0 0 0 0 0 0 21 127 183 183 129 86 85 116 191 246 252 252 201 33 0 0 0 0 0 0 0 0 0 0 0 0 0 0 23 152 228 249 250 250 251 252 252 252 251 212 66 0 0 0 0 0 0 0 0 0 0 0 0 0 0 0 0 85 198 250 252 252 252 252 252 232 150 34 0 0 0 0 0 0 0 0 0 0 0 0 0 0 0 0 0 0 25 112 155 190 190 152 104 25 0 0 0 0 0 0 0 0 0 0 0 0 0 0 0 0 0 0 0 0 0 0 0 0 0 0 0 0 0 0 0 0 0 0 0 0 0 0 0 0 0 0 0 0 0 0 0 0 0 0 0 0 0 0 0 0 0 0 0 0 0 0 0 0 0 0 0 0 0 0 0 0 0 0 0 0 0 0 0 0 0 0 0 0 0 0 0 0 0 0 0 0 0 0 0 0 0 0 0 0 0 0 0 0 0 0 }
CLUSTER-10 {size: 1478, centroid: 0 0 0 0 0 0 0 0 0 0 0 0 0 0 0 0 0 0 0 0 0 0 0 0 0 0 0 0 0 0 0 0 0 0 0 0 0 0 0 0 0 0 0 0 0 0 0 0 0 0 0 0 0 0 0 0 0 0 0 0 0 0 0 0 0 0 0 0 0 0 0 0 0 0 0 0 0 0 0 0 0 0 0 0 0 0 0 0 0 0 0 0 0 0 0 0 0 0 0 0 0 0 0 0 0 0 0 0 0 0 0 0 0 0 0 0 0 0 0 0 0 0 0 0 0 0 0 0 0 0 0 0 0 0 0 0 0 0 0 0 0 0 0 19 63 105 113 111 35 0 0 0 0 0 0 0 0 0 0 0 0 0 0 0 0 0 0 0 43 128 208 250 252 252 252 252 241 118 0 0 0 0 0 0 0 0 0 0 0 0 0 0 0 0 22 139 225 252 253 253 253 252 252 252 252 230 42 0 0 0 0 0 0 0 0 0 0 0 0 0 0 13 166 251 252 252 252 252 224 189 211 249 252 246 80 0 0 0 0 0 0 0 0 0 0 0 0 0 0 93 222 252 252 227 148 74 18 4 53 226 252 243 53 0 0 0 0 0 0 0 0 0 0 0 0 0 0 136 216 222 134 31 0 0 0 0 108 251 252 212 8 0 0 0 0 0 0 0 0 0 0 0 0 0 0 59 137 70 3 0 0 0 0 68 230 252 248 94 0 0 0 0 0 0 0 0 0 0 0 0 0 0 0 8 45 7 0 0 0 10 90 233 252 250 149 5 0 0 0 0 0 0 0 0 0 0 0 0 0 0 0 1 56 59 59 78 128 198 251 252 252 197 40 0 0 0 0 0 0 0 0 0 0 0 0 0 0 0 0 10 108 172 224 251 252 252 252 252 233 97 0 0 0 0 0 0 0 0 0 0 0 0 0 0 0 0 0 15 118 212 252 253 253 253 253 252 220 100 0 0 0 0 0 0 0 0 0 0 0 0 0 0 0 0 0 15 96 192 242 250 251 245 245 236 220 187 40 0 0 0 0 0 0 0 0 0 0 0 0 0 0 0 0 22 92 135 146 108 78 55 77 153 221 219 128 0 0 0 0 0 0 0 0 0 0 0 0 0 0 0 21 50 56 25 0 0 0 0 0 70 207 238 173 14 0 0 0 0 0 0 0 0 0 0 0 0 32 66 79 54 0 0 0 0 0 0 2 98 226 239 193 35 0 0 0 0 0 0 0 0 0 0 0 82 158 164 138 63 11 0 0 0 0 22 97 199 238 249 188 24 0 0 0 0 0 0 0 0 0 0 7 186 237 228 214 160 85 66 50 58 113 194 239 250 245 224 109 0 0 0 0 0 0 0 0 0 0 0 2 202 251 251 252 251 250 239 236 250 252 252 252 250 208 96 0 0 0 0 0 0 0 0 0 0 0 0 0 94 223 251 252 252 252 252 252 252 252 238 191 101 17 0 0 0 0 0 0 0 0 0 0 0 0 0 0 0 34 108 149 190 206 196 183 142 112 34 0 0 0 0 0 0 0 0 0 0 0 0 0 0 0 0 0 0 0 0 0 0 0 0 0 0 0 0 0 0 0 0 0 0 0 0 0 0 0 0 0 0 0 0 0 0 0 0 0 0 0 0 0 0 0 0 0 0 0 0 0 0 0 0 0 0 0 0 0 0 0 0 0 0 0 0 0 0 0 0 0 0 0 0 0 0 0 0 0 0 0 0 0 0 0 0 0 0 0 0 0 0 0 0 0 0 0 0 }
clustering_time: 11
Value of Objective Function: 1.21638e+09

CLASSES AS CLUSTERS
Value of Objective Function: 1.17502e+09

